OTU_ID	FS1-1	FS1-2	FS1-3	FS1-4	FS2-1	FS2-2	FS2-3	FS2-4	SC1	SC2	SC3	SC4	SC5	TMW1	TMW2	TMW3	TMW4	SGR1	SGR2	SGR3	TL1	TL2	TL3	TL4	TL5	TL6	TL7	TL8	TLSed1	TLSed2	TLSed3	TLSed4	TLSed5	TLSed6	TLSed7	TLSed8	UGS1	UGS2	UGS3	UGW1	UGW2	UGW3
ASV1	34816	12246	21850	23877	7953	21136	19846	20053	0	0	9	10	25	154	123	567	775	1428	4558	1227	284	542	552	697	1950	2507	898	2063	282	268	308	274	296	422	198	216	0	0	0	422	848	3201
ASV2	702	3631	525	410	2415	1387	1124	1250	5088	4048	8652	4409	2792	15077	15211	15320	9641	5082	3223	4182	1173	1790	1849	1887	740	1037	1726	1901	357	314	357	345	310	231	756	422	4042	2902	1756	3337	5734	7568
ASV3	595	1168	11747	8787	1702	1408	1658	5190	0	0	0	0	0	1593	2101	3601	7529	2849	5659	3538	691	4254	1993	772	1698	3501	1019	1620	289	274	327	271	225	168	176	189	0	20	24	3692	6307	5137
ASV4	379	441	99	92	183	257	67	117	0	0	0	0	0	4197	4939	706	2982	1623	7586	9689	663	1893	2318	1888	1404	1645	519	814	74	74	85	91	93	59	59	72	0	0	0	2864	1293	4366
ASV5	98	50	33	35	81	130	92	284	0	0	0	0	0	1276	442	1135	2000	1450	3140	2601	12878	2017	4038	1973	4454	1734	3126	388	49	51	45	38	56	27	22	40	0	0	64	1448	776	1423
ASV6	273	350	97	219	1757	2706	316	564	0	3	0	0	0	1113	180	941	127	1819	1852	1461	2281	5041	1351	789	845	1407	2666	3644	19	25	17	30	21	13	25	27	0	0	0	7203	1790	3783
ASV7	0	12	7	11	7	0	0	0	35	26	49	36	56	18	0	0	20	71	117	150	2723	4167	1413	5265	5250	4185	1990	5317	113	102	8	35	17	10	114	219	5237	1894	4060	28	10	22
ASV8	969	2788	1473	1676	6871	5089	4282	4684	0	0	0	0	0	42	127	933	739	1765	1335	925	319	296	793	822	289	461	655	913	80	59	65	56	67	41	49	62	0	0	0	319	2262	325
ASV9	22	236	16	34	2667	1256	216	369	8719	5930	3606	2185	4475	2012	985	162	419	312	187	241	233	150	85	90	89	385	563	697	246	58	79	49	46	31	225	255	1396	492	1091	181	180	295
ASV10	24	58	27	25	62	36	32	54	88	33	84	100	61	40	54	40	56	0	0	0	0	0	0	0	0	0	0	0	4536	5705	6093	1174	2081	5925	1457	402	0	0	4	2784	797	91
ASV11	8	209	15	15	220	339	6	51	0	0	0	0	0	258	1147	388	175	899	1162	812	803	724	467	4428	8693	1265	1783	667	7	7	7	13	7	6	13	13	0	0	0	402	133	26
ASV12	7	96	0	5	274	86	21	26	2834	2307	2430	3316	2924	197	199	473	99	125	63	76	1702	1920	91	1542	283	613	783	1131	69	166	57	213	42	29	375	239	186	159	39	77	291	53
ASV13	18	21	28	25	46	18	38	57	33	9	23	23	27	37	32	39	34	0	0	0	0	0	0	0	0	0	0	0	2800	4159	3820	833	1527	6243	1022	253	6	0	0	1409	475	75
ASV14	78	1329	137	86	2427	830	554	605	500	541	236	198	345	797	2061	666	315	2426	569	1243	131	210	273	198	59	225	271	351	171	46	50	55	40	19	97	64	489	236	144	249	304	767
ASV15	69	113	183	93	92	124	55	338	0	0	0	0	0	191	98	213	810	1343	1886	1088	371	2197	1788	1516	1455	1128	535	315	0	0	0	0	0	0	0	0	0	0	0	727	991	1022
ASV16	207	390	228	146	626	516	608	546	683	661	702	480	371	175	138	265	188	1348	301	610	339	461	1000	562	343	448	1328	580	412	235	123	152	92	45	266	789	545	246	459	205	160	134
ASV17	18	21	0	0	26	48	23	0	0	0	0	0	0	168	54	75	264	1136	616	516	2560	959	2525	838	1703	1566	287	1059	0	18	0	18	0	0	18	31	0	0	0	418	1016	671
ASV18	0	0	0	0	0	13	7	10	0	0	0	0	0	40	71	464	39	401	150	81	1220	452	2016	1656	86	3132	889	3245	14	9	0	14	8	0	0	6	0	0	0	852	965	424
ASV19	33	4319	36	37	2804	396	247	239	134	152	131	166	110	163	80	435	205	906	370	414	48	63	77	44	33	51	85	60	648	89	91	97	53	78	1671	1249	164	578	186	83	112	117
ASV20	0	346	6	0	340	106	0	0	669	1538	664	56	159	600	1052	3888	122	0	39	0	95	194	72	148	18	451	168	571	23	0	0	0	25	0	127	28	583	363	302	64	198	1117
ASV21	213	151	895	716	366	139	666	263	0	0	0	0	0	665	406	582	1262	818	307	502	152	218	474	390	190	462	370	264	85	66	79	98	86	51	53	84	0	0	0	897	1373	812
ASV22	65	109	618	833	40	129	88	90	0	0	0	0	0	370	635	576	2081	187	1030	883	188	783	1054	375	422	248	183	112	29	19	28	15	21	0	19	22	0	0	0	584	698	874
ASV23	0	0	0	0	0	0	0	0	0	0	0	0	0	0	0	0	0	21	18	30	1261	2486	168	1598	165	3254	713	1957	0	0	0	0	0	0	0	0	0	0	0	0	0	0
ASV24	5	5587	0	8	919	308	28	53	282	365	229	33	67	141	261	2274	81	56	41	22	0	0	0	0	0	57	0	50	0	33	24	29	0	21	0	0	0	0	0	0	92	691
ASV25	6	23	15	12	32	21	16	35	30	18	34	37	27	25	24	19	23	0	0	0	0	0	0	0	0	0	0	0	1755	1982	2169	472	760	3044	523	168	12	0	6	964	289	42
ASV26	84	0	0	0	0	0	0	0	12	6002	15	18	4647	0	0	0	0	0	0	0	0	0	0	0	0	0	0	0	0	0	0	11	0	0	0	0	64	149	899	0	0	8
ASV27	18	0	0	0	21	0	0	39	0	0	0	0	8	419	46	59	294	1174	798	1236	242	426	1052	577	2343	831	386	223	0	0	0	15	0	0	0	0	21	37	0	341	225	146
ASV28	9	15	11	8	20	11	19	30	32	10	31	24	21	16	12	17	15	0	0	0	0	0	0	0	0	0	0	0	1745	1907	2031	417	799	2830	496	166	0	0	3	979	227	40
ASV29	53	75	80	605	253	196	59	1019	0	0	0	0	0	58	61	41	55	62	54	0	58	94	240	534	86	98	127	141	7	0	11	0	0	0	22	20	0	0	0	1826	2986	1415
ASV30	0	0	0	0	0	0	0	53	0	0	0	0	0	338	1228	194	1136	147	266	400	55	133	2165	1147	86	89	790	67	0	0	0	0	0	0	0	0	0	0	0	150	372	168
ASV31	0	0	0	0	0	0	0	0	3761	200	3003	65	2500	0	0	0	0	0	0	0	0	0	0	0	0	0	0	0	0	0	0	0	0	0	0	0	14	28	10	0	0	0
ASV32	0	143	0	0	882	282	78	135	1248	2069	371	261	1133	239	160	53	112	65	138	216	81	72	50	35	51	91	123	163	143	122	0	0	0	0	53	176	254	0	203	26	0	0
ASV33	0	0	0	0	38	32	0	0	0	22	0	0	15	0	0	41	0	110	66	33	25	0	0	0	0	14	55	15	0	22	0	0	0	0	0	0	5412	2486	1146	0	52	20
ASV34	0	113	0	0	178	66	63	57	100	0	172	99	0	0	0	170	177	187	154	203	1002	583	74	1245	528	472	118	2170	0	0	0	0	0	0	0	0	0	0	0	84	187	218
ASV35	0	0	0	0	101	24	10	21	1479	718	2303	1907	916	29	15	32	45	0	29	62	21	31	27	21	7	14	24	26	34	4	0	0	0	0	141	47	61	102	14	51	57	74
ASV36	21	16	23	14	17	21	69	31	11	7	14	11	11	23	21	22	23	62	0	19	0	31	0	0	0	0	0	0	1124	1478	1268	289	528	1921	319	97	0	0	0	544	198	46
ASV37	0	0	0	0	0	0	0	0	79	43	56	75	51	30	0	33	34	0	50	64	0	0	0	0	0	0	32	12	423	500	270	411	165	37	119	742	756	2799	1023	24	27	33
ASV38	11	14	23	25	15	18	21	33	17	6	22	22	12	0	0	25	0	0	0	0	0	0	0	0	0	0	0	0	1005	1489	1368	275	463	1683	348	91	0	0	0	484	162	26
ASV39	11	16	0	0	70	56	69	73	12	21	18	24	27	23	19	42	49	138	52	45	134	66	45	56	33	30	226	33	55	159	42	187	104	55	356	86	3384	1326	407	19	0	37
ASV40	364	140	34	64	55	41	161	16	0	0	0	0	0	51	0	66	247	769	380	492	152	43	278	70	1029	114	72	20	18	19	10	0	17	20	0	17	0	0	0	827	263	638
ASV41	11	18	12	0	15	12	9	11	0	0	0	0	0	0	16	15	9	1	10	0	0	0	5	0	6	0	10	6	140	729	1182	1137	647	306	2169	408	49	185	315	20	20	13
ASV42	0	21	2	0	31	6	12	12	75	56	161	58	52	163	63	91	130	51	130	193	383	304	53	307	108	260	59	581	59	67	17	9	8	0	42	307	251	506	882	44	70	158
ASV43	13	273	4	13	285	123	54	50	457	598	599	643	495	222	165	233	105	23	23	15	45	52	57	23	21	22	47	32	70	0	28	56	17	0	59	0	183	134	136	110	266	204
ASV44	0	18	4	12	19	17	20	13	8	10	0	0	8	16	0	16	13	0	17	31	20	41	0	26	9	15	28	35	195	386	208	228	51	71	879	698	512	1127	1050	11	0	15
ASV45	42	73	228	176	83	129	57	336	0	0	0	0	0	62	35	126	295	34	662	208	54	614	283	144	229	209	67	71	0	0	0	0	0	0	0	0	0	0	0	283	422	395
ASV46	30	5	17	5	41	27	21	24	0	0	8	0	0	58	352	90	198	112	196	127	59	149	814	790	81	81	1226	127	10	8	4	9	14	7	0	0	0	0	0	56	98	76
ASV47	79	134	154	147	124	68	121	91	0	0	0	0	0	57	35	139	108	157	41	150	376	143	155	286	1259	39	169	141	29	24	23	39	28	17	14	30	0	0	0	236	176	190
ASV48	0	0	0	0	22	0	0	32	0	8	0	0	3311	27	5	91	421	121	61	38	0	16	0	30	24	98	115	56	0	0	0	0	0	0	0	0	22	231	86	13	18	41
ASV49	32	0	0	293	174	116	0	534	0	0	0	0	0	0	0	0	0	83	0	0	28	0	113	260	27	51	74	68	0	11	0	22	0	0	0	0	0	0	0	926	1431	720
ASV50	3	12	9	0	9	10	14	17	7	0	12	15	11	6	9	14	0	0	0	0	0	0	0	0	0	0	0	0	714	730	769	146	309	1250	197	64	0	0	0	398	65	16
ASV51	0	38	0	0	387	364	37	98	100	354	194	65	165	654	503	28	146	99	34	91	37	22	12	0	12	47	144	160	33	0	0	0	0	0	53	64	185	44	168	19	25	21
ASV52	0	0	0	0	0	0	0	14	0	0	0	0	0	12	35	17	0	63	8	21	14	43	95	20	19	18	123	76	0	55	0	0	0	0	13	46	1097	841	1480	0	23	0
ASV53	0	0	0	0	0	0	0	0	21	9	18	4596	59	0	0	0	0	0	0	0	0	0	0	0	0	0	0	0	0	0	0	0	0	0	0	0	0	0	0	0	0	0
ASV54	0	0	0	0	0	0	0	0	826	292	917	1278	442	59	20	20	21	0	0	0	0	0	0	0	0	0	0	0	0	0	12	0	0	0	0	0	250	73	250	6	7	14
ASV55	0	0	0	0	0	0	0	0	0	0	0	0	0	5	0	0	0	0	0	0	37	0	28	0	0	0	36	0	192	54	91	124	37	39	77	109	711	514	1666	0	0	0
ASV56	82	75	40	18	10	0	0	0	0	0	0	0	0	106	63	0	130	544	18	18	226	376	301	183	327	227	391	261	10	4	0	0	0	0	0	0	0	0	0	39	310	66
ASV57	0	0	0	0	12	44	3475	198	0	0	0	0	0	0	0	0	0	0	0	0	0	0	0	0	0	0	0	0	8	0	0	0	0	0	0	0	0	0	0	13	0	12
ASV58	8	10	5	13	7	12	19	13	14	5	11	7	11	8	6	9	0	0	0	0	0	0	0	0	0	0	0	0	516	803	684	120	117	780	114	46	0	0	0	240	134	9
ASV59	0	0	0	0	0	0	0	18	6	0	19	12	16	0	0	0	0	15	14	0	0	27	44	16	23	16	46	0	68	262	149	286	82	95	72	170	1236	574	355	0	0	19
ASV60	0	14	3	29	15	0	11	0	0	0	0	0	0	121	256	255	203	14	17	40	70	86	286	144	134	70	384	324	7	0	0	13	8	0	7	0	0	0	0	192	632	64
ASV61	0	10	0	0	10	0	0	8	0	0	0	0	0	11	0	19	0	0	24	0	39	45	114	143	23	27	653	40	183	323	212	529	139	31	699	250	10	86	27	0	0	5
ASV62	0	0	0	0	0	0	0	0	274	433	1016	817	720	17	0	0	8	0	0	0	0	0	0	0	0	0	0	0	8	10	0	28	0	0	0	19	86	15	62	0	4	3
ASV63	0	26	0	63	87	35	2812	80	0	0	0	0	0	20	5	70	3	0	7	0	0	0	0	0	0	0	3	0	0	10	3	8	0	0	5	4	0	0	0	49	20	58
ASV64	0	0	0	0	0	0	0	0	7	17	10	7	0	0	0	0	0	0	0	0	11	16	25	27	12	23	77	34	0	23	13	0	0	16	305	51	303	322	1592	0	0	0
ASV65	0	0	0	0	7	0	0	0	0	0	0	0	0	39	261	403	577	0	0	0	0	0	408	207	0	0	401	593	17	0	0	13	13	0	0	0	0	0	0	0	152	0
ASV66	0	5	5	0	12	0	12	0	0	0	0	0	0	9	6	0	0	0	0	0	0	0	0	0	0	0	0	0	814	139	24	28	50	10	2240	293	0	0	0	0	0	5
ASV67	0	68	5	8	94	6	3	51	0	0	0	0	0	0	6	383	146	759	7	52	2	22	11	19	10	64	342	173	9	7	9	8	8	4	7	7	0	0	0	89	496	69
ASV68	0	0	0	0	0	0	0	3	0	0	0	0	0	0	0	0	3	0	0	0	0	6	0	1	0	0	9	11	124	472	340	687	59	99	400	1156	0	0	0	0	0	0
ASV69	0	0	0	0	0	0	0	0	9	6	24	13	20	0	6	7	10	78	31	118	58	136	80	79	101	75	342	94	30	147	86	90	18	17	166	166	174	264	428	20	6	0
ASV70	0	0	0	0	0	20	11	45	0	0	0	0	0	9	30	7	21	35	0	9	15	25	1213	268	120	37	878	61	0	0	0	0	0	0	0	0	0	0	0	8	0	11
ASV71	25	165	37	25	204	122	104	156	52	95	56	29	28	364	663	133	52	89	0	15	12	0	23	0	0	0	0	0	27	19	42	33	36	19	33	43	89	0	0	31	0	14
ASV72	0	0	0	0	0	0	0	0	0	0	0	0	0	92	0	18	123	63	65	47	179	184	201	159	175	452	511	62	0	0	0	0	0	0	0	0	0	0	0	45	60	66
ASV73	17	298	0	0	399	78	68	53	0	0	0	0	0	0	0	0	0	470	134	898	8	12	13	0	0	5	0	0	14	5	0	0	9	0	0	7	0	0	0	0	0	0
ASV74	13	11	12	24	19	13	17	0	0	0	0	0	0	10	0	10	19	0	0	0	0	0	30	38	22	0	20	21	89	246	372	1001	464	115	145	108	28	0	44	22	0	10
ASV75	12	25	221	64	0	0	9	10	0	0	0	0	0	92	41	95	202	300	15	36	84	79	87	102	35	206	151	241	15	0	0	0	0	0	0	0	0	0	0	67	205	50
ASV76	0	0	0	0	0	0	0	0	0	0	0	0	0	0	0	0	0	0	0	0	0	0	0	38	0	21	38	19	0	73	67	57	15	15	75	0	308	853	878	0	0	20
ASV77	0	0	0	0	0	0	0	0	0	0	0	0	0	0	0	0	0	0	9	7	351	514	35	144	146	431	183	591	0	0	0	0	0	0	0	0	0	0	0	0	0	0
ASV78	0	83	0	0	59	0	0	0	584	215	401	472	240	0	0	0	0	0	0	0	0	0	0	0	0	0	0	0	46	0	0	0	0	0	72	230	143	45	0	0	0	33
ASV79	0	0	0	0	0	0	0	0	0	0	0	11	14	0	0	6	0	0	6	7	25	40	93	66	87	39	322	57	28	61	24	156	15	6	286	219	80	87	590	0	8	0
ASV80	0	0	0	0	6	0	0	0	283	98	372	391	211	52	0	67	89	33	17	28	13	18	18	10	9	12	15	12	57	39	8	17	14	18	184	141	15	55	0	20	43	21
ASV81	0	2	0	0	5	0	0	5	0	0	0	0	0	2	0	4	0	0	0	0	0	0	0	0	0	0	0	0	5	1515	561	284	24	3	19	97	0	0	0	0	0	0
ASV82	14	17	3	0	88	20	103	38	0	0	0	0	0	201	345	130	92	147	64	91	26	43	92	220	43	24	81	55	0	10	8	0	8	0	0	0	0	0	0	73	59	65
ASV83	0	0	0	0	7	0	0	0	0	0	0	0	0	148	0	131	16	129	13	58	97	341	114	89	49	326	190	121	0	0	0	0	0	0	0	0	0	0	0	18	132	15
ASV84	0	0	0	0	0	0	0	0	0	0	0	0	4	0	0	0	0	0	0	0	0	0	0	0	0	0	21	14	23	60	51	57	0	7	102	76	494	882	442	3	0	12
ASV86	0	0	0	0	0	0	0	0	0	0	0	0	0	0	0	0	0	0	0	0	208	248	118	158	178	306	483	222	0	0	0	5	0	0	0	0	0	41	0	0	0	0
ASV87	0	0	0	2	6	2	0	0	0	0	0	0	0	0	0	0	4	0	6	10	2	0	0	5	0	0	7	0	14	30	47	608	1323	213	22	14	0	0	0	5	4	3
ASV89	0	0	0	0	0	0	0	0	0	0	0	0	0	0	0	0	0	0	0	0	3	0	0	0	0	0	0	0	196	139	135	119	31	0	212	240	48	579	430	4	0	0
ASV90	6	71	0	0	74	37	23	31	120	93	145	297	135	30	25	11	12	84	30	43	16	15	13	15	16	9	31	16	29	32	25	76	50	22	85	0	122	101	98	8	6	12
ASV94	0	0	0	0	25	0	0	0	0	0	0	45	31	786	68	255	151	51	60	157	0	0	0	0	0	0	0	0	66	23	0	17	0	0	0	0	0	0	0	0	58	0
ASV95	0	0	0	0	0	0	0	0	282	83	446	787	377	8	0	0	0	0	0	0	0	0	0	0	0	0	0	0	0	0	0	0	0	0	0	0	3	0	0	3	3	0
ASV96	0	0	0	0	0	0	0	0	0	0	0	0	0	41	9	68	110	225	28	90	198	157	170	106	76	72	133	131	0	0	0	0	0	0	0	0	0	0	0	54	71	20
ASV97	0	13	0	0	1	0	0	0	0	0	0	0	0	482	355	15	683	0	0	0	0	0	0	0	0	0	0	0	2	2	5	5	2	0	0	3	3	0	0	0	0	0
ASV98	0	0	0	0	4	0	0	0	0	0	0	0	0	13	42	67	40	216	0	8	11	18	54	19	0	106	217	662	0	0	0	0	0	0	0	0	0	0	0	11	143	3
ASV99	0	8	0	0	9	0	3	8	0	0	0	0	0	0	0	3	0	0	0	0	0	0	0	0	0	0	0	0	5	113	23	31	10	17	1149	30	52	70	354	0	5	0
ASV100	0	0	0	0	0	0	0	0	9	1325	0	12	498	0	0	0	0	0	0	0	0	0	0	0	0	0	0	0	0	0	0	0	0	0	0	0	0	0	8	0	0	0
ASV101	0	132	33	24	125	66	81	81	0	0	0	0	0	0	0	0	0	50	15	15	0	0	0	0	23	0	0	0	35	129	73	76	32	26	255	217	128	202	48	0	0	0
ASV102	32	94	13	24	77	31	67	36	72	67	41	59	34	34	30	159	55	176	61	72	16	16	9	13	23	18	31	18	8	9	26	12	7	0	0	13	23	25	0	45	61	30
ASV103	0	0	0	9	11	0	28	32	0	0	0	0	0	0	0	0	19	649	19	61	104	200	21	77	84	19	8	60	0	0	0	0	0	0	0	0	0	0	0	36	62	23
ASV104	0	0	0	0	3	0	0	0	0	0	0	0	1	0	0	0	0	10	0	7	79	119	54	60	26	101	88	159	17	74	160	95	24	12	52	59	102	231	152	0	0	0
ASV105	0	0	0	0	0	0	0	0	0	0	0	0	0	36	0	0	2	11	24	60	17	19	43	22	34	1118	48	21	0	0	0	5	0	0	0	0	0	0	0	0	0	0
ASV106	0	42	0	0	443	264	154	178	0	234	0	0	27	12	0	0	0	19	0	16	25	34	0	0	18	24	27	54	0	0	0	0	0	0	18	9	17	0	0	23	20	38
ASV107	92	44	154	62	79	63	246	141	0	0	0	0	0	25	30	73	22	31	0	14	16	40	55	48	27	25	19	9	14	7	14	9	14	7	7	14	0	0	0	59	44	46
ASV108	0	0	0	0	0	0	0	0	0	0	0	0	0	0	0	0	0	0	0	0	0	0	0	0	0	0	32	0	0	181	18	56	0	0	151	679	82	0	372	0	0	0
ASV109	0	0	0	0	5	0	0	0	0	0	0	0	0	0	0	0	0	0	0	0	0	0	0	0	0	0	10	7	0	0	0	0	0	0	122	37	276	789	389	0	0	0
ASV110	0	6	2	0	9	4	0	0	91	98	242	226	222	11	0	9	9	94	89	123	16	17	25	12	0	19	12	18	13	17	22	0	0	1	23	31	10	8	0	10	15	5
ASV111	0	0	0	0	12	51	0	16	15	25	15	138	20	0	0	0	28	120	6	40	8	24	25	20	0	27	181	22	0	0	0	0	0	0	0	0	57	685	49	43	0	0
ASV112	0	0	6	5	0	0	0	6	12	0	6	14	11	11	10	11	12	26	26	33	16	22	25	20	17	28	49	19	218	74	62	69	71	27	650	80	12	33	5	6	0	0
ASV113	0	0	0	0	0	0	0	0	0	0	0	0	0	0	0	0	0	0	0	0	0	0	0	0	0	0	0	0	0	54	0	0	0	0	11	34	398	73	752	0	0	0
ASV114	0	0	0	0	9	17	8	20	0	0	0	0	0	0	0	0	0	0	0	0	12	12	107	38	19	0	132	0	39	147	109	125	37	20	20	103	168	278	161	0	0	0
ASV115	0	0	0	0	0	0	0	0	0	0	0	0	0	0	0	0	0	0	0	27	22	0	15	0	0	17	799	0	156	38	36	99	0	0	263	83	0	0	0	0	0	0
ASV116	0	0	0	0	0	0	0	0	175	255	180	369	351	39	0	38	6	0	0	0	0	13	13	14	0	0	0	0	0	0	0	0	0	0	0	0	21	15	0	8	18	62
ASV117	12	30	0	0	48	44	31	49	93	94	72	67	69	27	13	182	52	88	60	77	42	29	14	17	0	17	28	24	18	13	0	4	0	0	8	10	27	37	0	27	50	33
ASV118	0	0	0	0	0	0	0	0	11	37	14	1386	89	0	0	6	10	0	0	0	5	0	0	0	0	11	0	0	0	0	6	0	0	0	0	0	0	0	0	0	0	0
ASV119	65	0	0	0	0	0	0	0	0	0	0	0	0	69	37	12	65	7	26	46	66	163	173	89	81	154	154	36	0	0	0	0	0	0	0	0	0	0	0	0	144	70
ASV120	0	58	0	21	260	100	42	38	0	0	0	0	0	0	0	0	0	248	186	269	17	18	20	18	0	0	0	0	0	7	0	8	17	0	0	18	0	41	40	0	0	0
ASV121	8	16	0	0	0	17	0	0	0	0	0	0	0	0	0	14	0	0	0	0	0	0	0	7	0	0	0	0	230	273	313	54	80	299	75	20	0	0	0	119	37	0
ASV122	0	0	0	0	0	0	0	0	60	47	139	390	766	2	0	25	0	0	0	0	0	0	0	8	0	0	0	3	0	0	0	0	0	0	5	0	20	18	8	0	12	0
ASV123	0	15	0	0	14	0	0	0	40	36	52	37	0	148	28	228	237	66	62	63	14	20	0	15	0	13	0	0	0	0	0	0	0	0	29	0	0	20	0	64	128	78
ASV124	0	0	0	0	0	0	0	0	0	0	0	0	0	0	0	0	0	0	0	0	0	0	0	0	0	0	0	0	16	81	315	606	236	177	40	164	0	0	0	0	0	0
ASV125	0	0	0	0	0	0	0	0	0	0	9	10	0	12	0	15	0	0	0	29	189	140	0	86	56	45	37	110	17	0	0	18	8	0	45	77	115	172	144	22	17	18
ASV126	0	0	0	0	0	0	0	0	0	0	0	0	0	0	0	0	0	0	5	10	126	151	90	228	127	181	233	222	0	0	0	0	0	0	0	0	0	0	0	0	0	0
ASV127	0	0	0	0	0	0	0	0	140	38	192	253	133	7	0	14	30	0	8	9	0	0	10	0	0	0	24	22	0	44	18	62	134	90	97	117	0	0	0	12	16	13
ASV128	0	0	0	0	0	0	0	0	0	0	0	0	0	0	0	0	0	0	0	0	0	0	0	0	0	0	0	0	0	225	93	118	0	36	147	88	113	514	163	0	0	0
ASV129	0	8	0	7	0	5	23	0	0	0	1	0	9	7	0	0	0	0	0	0	0	0	0	0	0	0	0	0	210	170	209	37	65	455	37	17	0	0	0	126	31	0
ASV130	0	0	5	0	0	0	0	0	0	0	0	0	0	0	0	0	0	0	0	0	4	0	4	0	0	0	0	0	1457	6	12	18	0	6	0	0	0	0	0	0	0	0
ASV131	0	0	0	0	0	0	0	14	0	0	0	0	0	0	0	0	0	27	98	65	136	142	119	163	136	128	127	122	0	0	0	0	0	0	0	0	0	0	0	0	0	0
ASV132	0	11	0	0	35	22	0	0	64	199	82	34	77	104	211	13	0	0	0	0	0	0	0	18	0	33	40	49	19	0	0	20	0	0	0	0	303	0	0	0	0	0
ASV133	0	0	0	0	28	16	9	11	0	49	0	14	27	80	103	0	16	62	0	17	23	21	13	15	9	26	22	22	41	19	0	0	0	0	64	33	128	143	208	0	20	10
ASV134	5	27	116	59	71	30	199	105	0	0	0	0	0	25	26	21	21	41	6	14	0	17	0	27	10	13	10	14	44	53	41	15	33	83	14	12	0	0	0	70	52	36
ASV135	0	2	0	0	11	0	16	17	53	167	46	21	44	22	0	0	12	0	0	0	21	15	0	13	12	17	12	28	28	18	21	27	15	4	322	24	258	0	115	10	0	0
ASV136	0	21	0	0	82	17	21	0	11	21	19	9	13	39	35	68	34	95	41	62	0	21	31	14	13	11	35	17	28	39	13	26	32	0	12	49	34	170	80	0	27	19
ASV137	0	59	0	0	111	29	10	15	40	25	68	54	20	0	0	42	45	150	94	108	0	15	21	15	27	0	31	0	0	0	0	13	0	0	12	18	16	15	0	56	87	54
ASV138	11	9	58	67	42	12	96	41	0	0	0	0	0	56	34	55	26	113	25	80	32	35	42	63	57	21	35	0	0	0	11	0	12	0	0	0	0	0	0	60	37	86
ASV139	5	0	0	0	0	0	0	0	0	0	0	0	0	0	0	0	0	0	0	0	0	7	0	19	0	0	12	6	99	185	190	343	78	40	96	312	0	0	0	0	0	0
ASV140	0	0	0	0	0	0	0	0	0	0	0	0	0	0	0	0	0	0	0	0	0	0	0	0	0	0	0	0	17	188	388	189	18	0	45	64	38	201	176	0	0	0
ASV141	6	818	0	0	30	4	0	0	0	0	5	0	6	18	115	13	40	0	0	0	0	0	0	0	0	0	0	0	0	7	8	0	9	0	0	10	0	0	55	0	46	0
ASV142	0	0	0	0	17	0	0	0	0	0	0	0	0	0	0	0	0	0	0	0	0	0	0	39	0	0	0	0	0	274	288	324	0	0	133	286	0	0	0	0	0	0
ASV143	0	0	0	0	7	0	0	0	17	0	15	0	14	2	0	5	7	18	7	5	0	8	2	7	0	0	7	0	26	34	29	358	190	415	27	27	0	0	0	0	0	8
ASV144	0	729	0	0	182	0	0	3	0	0	0	22	3	24	34	0	97	0	15	7	0	0	0	0	0	6	5	4	0	0	10	0	0	4	0	0	10	0	0	9	11	17
ASV145	0	0	0	0	23	0	0	0	37	272	30	32	28	7	0	0	0	0	27	29	29	28	15	0	0	31	102	56	95	38	0	0	0	0	17	91	89	0	82	0	0	17
ASV146	0	0	0	78	46	80	0	47	0	0	0	0	0	0	0	0	0	28	39	37	82	53	47	0	91	54	0	31	0	0	0	0	0	0	0	0	0	0	0	76	165	240
ASV147	0	0	0	0	0	0	0	0	0	0	0	0	0	0	0	0	0	0	0	0	0	0	0	0	0	0	0	0	880	0	0	15	29	72	31	244	0	0	0	0	0	0
ASV148	8	0	16	11	13	5	14	0	0	0	0	0	0	90	38	77	104	118	35	105	49	36	25	27	68	90	36	34	0	0	0	0	5	0	6	0	0	0	0	18	24	26
ASV149	0	0	0	0	5	6	4	3	133	122	283	342	170	0	0	8	9	19	47	28	0	0	0	0	0	0	0	0	0	3	5	0	0	5	0	0	20	0	0	0	0	5
ASV150	0	0	0	0	0	0	0	0	0	0	0	0	0	0	0	0	0	0	0	0	0	7	30	28	0	0	26	6	66	107	299	291	90	48	115	128	0	29	40	0	0	0
ASV151	0	7	0	0	0	14	0	0	9	57	19	203	119	43	0	0	10	0	14	0	0	0	15	14	8	14	12	14	14	0	0	0	10	0	0	19	53	484	81	0	0	0
ASV152	28	0	0	0	0	0	0	0	0	0	0	0	0	22	0	0	59	21	23	12	125	194	31	0	51	0	27	143	0	0	0	0	0	0	0	0	0	0	0	9	372	24
ASV153	0	7	0	0	8	0	0	8	12	0	16	11	9	0	0	6	14	12	0	0	0	0	0	0	0	0	0	0	0	0	0	163	838	89	0	0	16	29	0	0	0	6
ASV154	0	0	0	0	0	0	0	0	0	0	0	0	0	0	0	0	0	0	0	0	0	0	0	0	0	0	0	0	93	161	19	25	197	46	158	45	14	129	250	0	0	0
ASV155	0	0	0	0	0	0	0	0	0	0	0	0	0	0	0	0	0	0	0	0	0	0	16	0	0	0	24	0	37	86	392	189	103	205	102	39	0	19	0	0	0	0
ASV156	0	0	0	0	0	0	0	0	0	0	0	0	0	0	0	0	0	0	0	0	0	0	50	0	0	0	0	0	0	144	114	174	119	102	59	92	36	101	125	0	0	0
ASV157	0	0	0	0	0	0	0	0	72	122	38	36	54	51	12	0	0	0	0	0	0	0	0	0	0	0	0	0	0	0	0	0	0	0	43	0	546	0	121	0	0	0
ASV158	0	0	0	0	0	0	0	0	108	172	250	247	262	7	0	20	0	0	0	0	0	4	3	2	0	0	0	0	0	0	0	0	0	0	0	0	8	22	0	0	12	9
ASV159	0	0	0	0	0	0	0	0	0	0	0	0	0	0	0	0	0	16	0	0	0	0	0	0	0	0	0	0	20	31	67	196	584	226	24	9	0	0	0	0	0	0
ASV160	0	0	0	0	0	0	0	0	0	0	0	0	0	0	0	0	0	0	0	0	0	0	0	0	0	0	0	0	71	28	41	93	54	7	16	861	0	0	0	0	3	3
ASV161	0	0	0	0	0	61	0	0	0	0	0	0	0	0	0	0	0	0	0	0	0	0	0	0	0	0	0	0	85	89	68	159	156	62	154	297	0	29	21	0	0	0
ASV162	0	9	0	0	7	0	0	0	0	0	0	0	0	0	0	0	0	0	0	0	0	0	0	0	0	0	20	0	90	53	77	156	41	0	648	149	0	0	0	0	0	0
ASV163	0	0	0	0	0	0	0	6	0	0	0	0	0	0	0	0	0	0	0	0	0	0	0	0	0	0	0	0	160	161	154	35	78	355	44	14	0	0	0	81	25	7
ASV164	0	0	0	0	0	0	0	0	0	3	0	0	0	0	0	0	0	0	0	0	0	0	0	0	0	0	0	0	3	8	0	0	0	0	101	19	69	442	401	0	0	0
ASV165	3	11	0	0	0	0	0	0	0	0	0	0	0	0	0	0	0	0	0	0	0	0	0	0	0	0	0	0	13	32	23	37	23	26	35	86	162	392	235	0	0	0
ASV166	0	0	0	0	5	6	6	7	129	63	287	169	146	2	0	0	5	0	12	11	0	0	7	3	0	0	5	0	10	2	5	7	0	0	6	11	30	21	95	0	0	9
ASV167	7	8	8	11	21	0	8	6	0	0	0	0	0	50	70	26	124	122	20	89	19	44	70	61	18	37	44	14	0	6	0	0	6	0	0	8	0	0	0	15	47	23
ASV168	0	0	0	0	0	0	0	0	0	0	0	0	0	0	0	0	0	0	0	0	7	0	17	16	0	0	23	0	63	174	100	130	115	43	339	148	0	0	0	0	0	0
ASV169	0	0	0	0	0	0	0	0	114	96	292	239	211	0	0	0	0	0	0	0	0	0	0	0	0	0	0	0	0	0	0	0	0	0	0	0	15	0	69	0	0	0
ASV170	0	2	197	187	2	32	466	87	3	0	0	0	0	0	0	1	2	0	0	0	0	0	0	0	0	0	0	0	7	0	5	8	10	0	0	9	0	0	0	0	0	5
ASV171	6	0	0	0	0	0	0	0	0	0	0	0	0	0	6	0	0	0	0	0	0	0	0	8	0	0	13	0	123	87	295	222	95	76	90	131	0	0	0	0	0	0
ASV172	0	0	0	0	0	0	0	0	0	0	0	0	0	0	0	0	0	0	0	0	0	8	0	0	0	0	0	0	12	15	0	0	0	0	49	29	199	359	333	0	0	0
ASV173	0	0	0	0	0	0	0	0	127	113	180	192	134	9	0	0	9	0	0	0	0	5	6	10	0	0	0	6	14	0	0	0	0	0	148	58	13	40	0	6	0	3
ASV174	0	0	0	0	0	0	0	0	115	42	68	160	116	12	0	0	0	0	0	0	10	0	0	0	0	0	0	0	43	0	10	0	0	0	0	0	61	262	132	0	0	0
ASV175	0	0	0	0	0	0	0	0	0	0	0	0	0	0	0	0	0	0	0	0	0	0	25	15	0	0	11	0	85	71	79	71	32	21	114	140	59	85	183	0	0	4
ASV176	0	16	20	12	64	0	55	12	0	0	0	0	0	12	21	23	8	36	0	30	157	70	45	95	201	16	0	19	0	0	6	0	0	0	0	0	0	0	0	0	22	11
ASV177	0	0	0	0	0	0	0	0	0	0	0	0	0	0	23	0	14	49	39	29	0	157	64	43	18	209	121	140	0	0	0	0	0	0	0	0	0	0	0	13	0	0
ASV178	0	0	0	0	0	0	0	0	0	0	0	0	0	0	0	0	0	7	0	0	0	17	198	83	0	0	145	0	22	33	0	46	16	9	0	66	28	317	45	0	0	0
ASV179	0	0	0	0	0	0	0	0	0	0	0	0	0	0	0	0	0	0	0	0	0	0	59	20	0	0	82	0	17	170	109	206	85	30	238	72	0	0	0	0	0	0
ASV180	0	0	0	0	0	0	0	0	0	0	0	0	0	0	0	0	0	0	0	0	0	0	0	0	0	4	0	0	87	108	142	297	233	0	83	94	0	0	25	0	0	0
ASV181	11	9	0	0	0	6	0	6	0	0	0	0	0	0	0	17	8	75	0	14	107	71	191	82	7	55	20	45	0	0	0	0	0	0	0	0	0	0	0	77	123	31
ASV182	0	0	0	0	0	0	0	0	0	0	0	0	0	0	0	0	0	0	0	0	0	0	0	0	0	0	0	0	25	138	85	101	0	0	348	402	0	0	0	0	0	0
ASV183	0	67	0	0	321	14	11	19	47	0	0	47	0	0	0	0	0	187	123	95	0	0	0	0	0	0	0	0	0	0	0	0	0	0	0	0	0	0	0	0	0	0
ASV184	0	0	0	0	4	0	0	0	0	0	0	0	0	0	0	0	0	0	0	0	0	10	5	9	9	4	14	0	149	55	13	22	8	0	515	165	42	51	9	8	0	4
ASV185	0	0	0	0	0	0	0	0	180	48	233	350	174	0	0	0	0	0	0	0	0	0	0	0	0	0	0	0	0	0	0	0	0	0	0	0	6	0	0	0	0	0
ASV186	0	0	0	0	0	0	0	0	11	14	19	26	0	0	0	13	0	9	0	0	0	0	0	0	0	0	10	0	16	41	37	159	384	107	81	107	0	0	11	0	0	0
ASV187	0	0	0	0	0	0	5	0	0	0	0	0	0	0	0	0	0	0	0	0	0	0	0	0	0	0	0	0	228	22	0	86	26	35	48	585	0	0	0	0	0	0
ASV188	0	34	0	0	52	35	0	0	63	170	91	67	73	59	52	0	20	20	19	10	0	0	25	0	0	0	55	0	0	0	0	0	0	0	0	0	38	31	8	14	0	16
ASV189	0	0	0	0	0	0	0	0	0	0	0	0	0	0	0	0	0	0	0	0	0	0	0	19	0	0	0	0	45	93	44	138	55	0	81	157	54	394	0	0	0	0
ASV190	0	0	0	0	0	0	0	0	205	72	196	404	93	0	0	0	0	0	0	0	0	0	0	0	0	0	0	0	0	0	0	0	0	0	0	0	0	0	0	0	0	0
ASV192	0	33	7	0	64	35	58	48	0	0	0	0	0	323	74	37	0	97	0	76	0	0	0	0	0	0	0	0	0	0	0	0	0	0	0	13	0	0	0	0	0	0
ASV193	0	20	0	0	0	0	0	0	82	220	104	107	109	35	19	52	18	0	0	0	0	0	13	0	0	0	7	0	0	0	0	0	0	0	0	0	44	28	30	0	9	12
ASV194	0	0	0	0	0	0	0	0	0	0	0	0	0	0	0	0	0	0	0	0	71	93	89	100	25	152	109	107	7	20	14	29	0	0	17	33	0	0	0	0	0	0
ASV195	14	23	27	0	34	14	28	21	0	0	0	0	0	25	91	29	116	2	28	23	3	11	140	53	11	5	25	1	1	4	2	0	0	0	0	15	0	0	0	30	68	21
ASV196	0	0	0	0	0	0	0	0	0	0	0	0	0	0	0	0	0	0	0	0	0	17	25	11	16	14	39	19	13	19	19	21	0	7	26	0	178	185	231	0	0	0
ASV197	0	0	0	0	0	0	0	0	0	0	0	0	0	0	0	0	0	0	0	0	0	0	0	0	0	0	0	0	24	86	203	244	107	109	124	86	0	0	0	0	0	0
ASV198	0	0	0	0	0	0	0	0	0	0	0	0	0	0	0	0	0	0	0	0	0	0	0	0	0	0	0	0	137	157	143	80	76	164	67	35	0	0	0	66	27	0
ASV199	0	0	0	0	0	0	0	0	0	0	0	0	0	752	6	0	4	0	0	0	0	0	0	0	0	0	0	0	0	0	5	0	5	0	0	0	0	0	0	0	0	0
ASV200	0	0	0	0	0	0	0	0	173	39	213	286	143	10	0	0	9	0	0	0	0	0	6	0	0	0	0	0	0	0	0	0	0	0	0	0	0	0	0	0	10	4
ASV201	0	0	0	0	0	0	0	0	0	0	0	0	0	0	0	0	0	0	0	0	0	7	3	0	0	0	23	14	188	118	196	108	20	44	62	153	0	0	0	0	5	0
ASV202	0	9	0	0	22	9	0	9	0	0	0	0	0	0	0	0	0	150	25	77	0	8	0	11	0	6	6	9	3	0	0	0	0	0	0	0	190	70	159	0	0	17
ASV203	0	0	0	0	0	0	0	0	0	0	0	0	0	0	0	0	0	26	19	29	0	0	0	2	0	0	0	3	0	0	0	21	371	366	0	0	0	0	0	0	0	0
ASV204	0	0	0	0	0	0	0	0	0	0	0	0	0	0	0	0	0	0	0	0	0	0	0	0	0	0	0	0	16	83	303	305	97	40	26	34	13	0	16	0	0	0
ASV205	0	10	0	0	0	0	0	0	16	0	13	0	0	0	0	0	0	0	0	0	0	0	0	0	0	0	0	0	405	42	19	0	0	0	36	181	44	16	83	0	0	0
ASV206	0	0	0	0	0	0	0	0	56	61	207	192	170	0	0	4	0	0	0	0	0	0	0	0	0	0	0	0	0	15	0	17	0	0	0	29	47	0	35	0	0	0
ASV208	0	0	0	0	0	0	0	0	0	0	0	0	0	0	0	0	0	0	0	0	136	75	38	50	38	166	89	161	0	0	0	0	0	0	0	0	0	0	0	0	0	0
ASV209	0	0	0	0	0	0	0	0	0	0	0	0	0	0	0	0	0	0	0	0	0	0	0	0	0	0	0	0	15	57	49	56	0	0	37	28	223	165	208	0	0	0
ASV212	0	432	0	0	75	0	5	0	3	0	0	9	0	0	0	0	0	0	3	0	0	0	0	0	0	6	8	12	16	0	0	10	0	6	12	0	44	14	63	12	40	16
ASV213	0	0	0	0	0	0	0	0	0	0	0	0	0	26	0	0	0	41	28	46	40	65	61	83	32	86	100	61	0	0	0	0	0	0	47	0	0	0	0	22	0	16
ASV214	0	0	0	0	0	0	0	0	4	5	7	8	9	0	0	0	0	0	0	0	6	0	2	0	1	0	1	6	57	0	0	0	0	0	237	0	52	390	94	0	0	2
ASV215	0	0	0	0	0	0	0	0	0	0	0	0	0	0	0	0	0	0	0	0	0	0	0	0	0	0	0	0	0	65	0	66	0	0	0	0	107	149	335	0	0	0
ASV216	0	5	5	0	10	12	20	6	11	14	0	9	7	0	0	8	15	0	0	11	15	0	177	57	14	7	130	7	0	0	16	0	0	0	6	0	13	178	28	7	0	0
ASV217	0	0	0	0	0	0	0	0	96	30	63	131	73	9	7	13	7	0	0	0	19	23	33	52	20	29	0	22	0	39	36	79	29	0	0	0	13	0	0	0	0	0
ASV218	0	0	0	0	0	0	0	0	0	0	0	0	0	0	0	0	0	0	0	0	0	0	0	0	0	0	0	0	0	55	80	127	0	0	238	378	0	0	0	0	0	0
ASV219	0	0	0	0	0	0	0	0	111	17	12	98	27	29	24	35	24	46	36	53	0	22	21	20	8	12	29	0	0	0	0	0	0	0	0	0	0	0	0	38	53	65
ASV220	0	0	0	0	0	0	0	0	0	0	0	0	0	0	0	0	0	0	0	0	0	0	9	5	0	0	5	0	0	91	172	128	0	26	85	106	37	92	66	0	0	0
ASV221	0	0	0	0	0	0	0	0	0	0	0	0	0	0	0	0	0	0	0	0	0	0	0	0	0	0	5	0	349	37	14	14	8	14	88	319	0	0	0	4	0	0
ASV222	0	0	0	0	0	0	0	0	126	43	162	354	112	0	0	0	0	0	0	0	0	0	0	0	0	0	0	0	0	0	0	0	0	0	0	0	0	0	0	0	0	0
ASV223	0	0	0	0	0	0	0	0	26	18	14	18	14	18	11	0	13	0	0	0	0	0	0	0	0	0	0	0	0	0	0	0	0	0	0	0	526	106	48	0	0	0
ASV224	0	0	0	0	0	0	0	0	106	62	136	227	88	0	0	0	1	0	0	0	5	13	5	0	0	0	0	4	0	3	0	0	0	0	5	0	21	73	19	6	5	2
ASV225	0	0	0	0	0	0	0	0	0	0	0	0	0	0	1	2	6	16	0	8	0	19	16	25	12	13	83	17	8	58	18	62	14	0	121	49	72	36	93	0	0	0
ASV226	0	0	0	0	0	0	0	0	31	23	0	21	23	10	0	49	52	0	0	11	0	49	60	45	0	23	81	31	22	23	0	36	0	0	38	0	23	0	0	26	35	46
ASV227	0	0	0	0	0	0	0	0	13	0	0	12	6	0	0	0	9	4	13	12	0	0	0	0	0	0	0	0	27	72	14	42	18	0	150	210	69	97	46	0	0	9
ASV228	33	42	66	0	0	0	0	0	0	0	0	0	0	25	7	22	70	0	0	27	0	0	7	0	0	0	0	0	0	0	0	0	0	0	0	0	0	0	0	289	75	77
ASV229	0	0	0	0	0	0	0	0	0	0	0	0	0	0	0	0	0	0	0	0	0	0	0	0	0	0	0	0	102	41	134	184	49	27	283	39	0	0	0	0	0	0
ASV230	0	0	0	0	11	0	6	0	0	0	0	0	3	19	0	22	13	64	19	18	0	0	0	10	4	14	22	19	21	25	32	42	27	30	19	18	95	74	60	0	16	0
ASV231	0	0	0	0	0	0	0	0	26	18	43	102	62	4	0	0	0	0	0	0	0	0	0	0	0	0	0	0	0	31	51	41	21	10	0	0	49	114	146	0	0	0
ASV232	0	0	3	0	0	0	0	0	0	0	0	0	0	0	0	0	0	0	0	0	0	0	6	9	0	0	0	0	58	74	83	94	167	63	107	136	0	0	1	0	0	0
ASV233	12	33	0	0	37	19	20	38	62	16	26	46	0	0	0	48	40	71	48	70	0	14	0	0	0	0	0	18	0	0	0	0	0	0	0	0	0	0	0	0	51	31
ASV234	0	0	0	0	0	0	0	24	0	0	0	0	0	0	36	0	0	0	0	0	0	44	235	69	0	0	154	53	0	0	0	0	0	0	0	0	0	0	0	37	80	0
ASV235	0	0	0	0	0	0	0	0	111	50	82	134	64	19	12	32	38	2	8	6	10	4	0	4	5	0	11	0	0	11	22	54	9	0	6	26	0	0	0	6	19	7
ASV236	0	0	0	0	8	3	0	0	40	41	0	0	25	0	0	0	0	0	0	0	48	60	50	43	22	76	156	98	0	0	0	0	0	0	19	0	0	0	0	0	0	0
ASV237	0	0	0	0	0	0	0	0	125	64	138	255	115	4	6	10	2	0	0	0	0	0	0	0	0	0	0	0	0	0	0	0	0	0	0	0	7	0	0	0	0	0
ASV238	0	0	0	0	0	0	0	0	0	0	0	0	0	0	0	0	46	17	0	22	0	0	46	30	0	0	60	0	0	33	27	25	0	0	0	0	39	138	173	0	0	0
ASV239	0	0	0	0	0	0	0	0	167	63	123	199	144	6	0	0	19	0	0	0	0	0	0	0	0	0	0	0	0	0	0	0	0	0	0	0	0	0	0	0	0	0
ASV240	0	12	15	0	0	9	0	0	0	0	0	0	0	0	0	0	0	44	38	0	0	0	0	0	0	0	0	0	70	100	91	23	37	156	38	10	10	0	0	58	0	0
ASV241	0	0	0	0	0	0	0	8	0	0	0	0	0	0	0	0	0	0	0	0	0	0	33	0	0	0	24	0	57	59	42	154	81	73	0	156	54	0	0	0	0	0
ASV242	0	0	0	0	0	0	0	0	0	0	0	0	0	0	0	0	0	0	0	0	0	0	0	0	0	0	0	0	28	0	0	0	0	0	74	44	81	87	301	0	0	0
ASV243	0	0	0	0	0	0	0	0	2	0	0	0	0	0	0	0	0	0	0	0	0	0	0	0	0	0	0	0	0	0	57	102	130	397	27	0	0	0	0	0	0	0
ASV244	0	0	0	0	0	0	0	0	89	109	182	189	157	0	0	0	0	0	0	0	0	0	0	0	0	0	0	0	0	0	0	0	0	0	0	0	0	0	0	0	0	0
ASV246	0	0	0	0	0	0	0	0	62	66	126	161	99	0	0	0	0	0	0	0	0	0	0	0	0	0	0	0	0	16	18	45	0	0	0	38	44	0	35	0	0	0
ASV247	0	0	0	0	31	0	0	0	0	0	0	0	0	0	21	56	5	28	0	0	60	45	85	51	14	36	94	52	0	0	0	0	0	0	0	0	0	0	0	0	92	0
ASV248	0	0	0	0	0	0	0	0	0	0	0	0	0	0	0	0	0	0	0	0	189	86	0	136	154	13	31	40	0	0	0	0	0	0	26	0	0	0	0	0	0	0
ASV249	0	0	28	36	15	0	23	20	0	0	0	0	0	25	10	36	19	29	0	25	17	28	28	27	13	23	43	27	0	0	0	0	0	0	0	0	0	0	0	28	148	12
ASV252	0	0	0	0	0	0	0	0	0	0	0	0	0	43	0	0	0	61	0	32	16	22	43	173	86	30	102	18	0	0	0	0	0	0	0	0	0	0	0	0	0	0
ASV253	0	0	0	0	0	0	0	0	0	0	0	0	0	0	0	0	0	0	0	0	0	0	13	0	0	0	0	0	0	73	251	120	93	42	178	0	0	0	0	0	0	0
ASV254	0	0	0	0	0	0	0	0	33	29	28	27	32	0	0	0	0	0	0	0	0	0	18	33	0	0	240	25	0	0	0	24	0	0	132	23	13	0	22	0	0	0
ASV255	8	69	0	0	60	38	0	16	39	19	0	16	18	11	6	6	6	115	18	17	11	0	13	13	0	16	12	14	0	0	27	18	15	0	17	20	0	0	0	8	12	2
ASV256	0	0	0	0	0	0	0	0	0	0	0	0	0	0	0	0	0	0	0	0	0	0	0	0	0	0	0	0	127	118	124	30	35	164	20	0	0	0	0	54	22	0
ASV257	181	28	23	13	32	23	48	0	0	0	0	0	0	0	0	24	0	27	10	31	0	19	31	0	30	19	12	31	0	0	0	0	0	0	0	0	0	0	0	0	0	18
ASV258	0	0	0	0	0	0	0	0	0	0	0	0	0	0	0	0	0	0	0	0	0	0	0	0	0	0	10	0	145	0	27	105	199	45	66	134	0	0	0	0	0	0
ASV259	0	0	0	0	11	0	0	0	0	0	0	0	0	0	0	0	0	0	0	0	0	0	162	51	0	7	248	7	0	14	7	26	13	0	38	34	0	0	22	0	0	0
ASV260	0	0	0	0	3	0	0	0	0	0	0	0	0	0	0	0	0	0	0	0	0	0	0	0	0	0	0	0	18	11	0	197	318	149	0	0	0	0	8	0	0	0
ASV261	0	0	0	0	0	0	0	0	0	0	0	0	0	0	0	0	0	0	0	0	0	0	7	0	0	0	0	0	40	116	93	134	0	51	98	173	0	0	0	0	0	0
ASV262	0	0	0	0	0	0	0	0	0	0	0	0	0	0	0	30	0	20	41	33	49	59	58	83	94	61	55	53	0	0	0	0	0	0	0	0	0	0	0	0	0	0
ASV263	0	0	0	0	0	0	0	0	0	0	0	0	0	16	29	20	19	98	34	160	25	49	35	11	68	0	0	34	0	0	0	0	0	0	0	0	0	0	0	0	0	0
ASV264	0	0	0	0	0	0	0	0	0	0	0	0	0	0	0	0	0	0	0	0	49	24	15	10	12	115	81	169	108	0	0	0	0	0	28	0	0	0	0	0	0	0
ASV265	0	0	0	0	0	0	0	0	0	0	0	0	0	0	0	0	0	0	0	0	0	0	0	0	0	0	0	0	9	5	12	378	222	64	10	0	0	0	0	0	0	0
ASV266	0	0	0	0	0	0	0	0	0	0	0	0	0	15	0	0	0	59	0	8	36	43	15	40	0	108	145	70	0	0	0	0	0	0	0	0	0	0	0	25	36	0
ASV267	0	0	0	0	0	0	0	0	0	0	0	0	0	0	0	0	0	0	0	0	0	0	28	0	0	0	0	0	0	14	134	89	47	0	0	0	190	157	43	0	0	0
ASV268	0	0	0	0	0	0	0	0	38	0	26	70	34	116	17	68	153	0	0	0	0	0	0	0	0	0	0	0	0	0	0	0	0	0	8	0	0	0	21	0	11	17
ASV269	0	7	8	0	31	17	11	18	38	43	24	41	28	3	0	0	5	28	21	29	7	0	0	0	0	0	13	0	0	10	0	0	0	0	20	13	29	80	57	16	21	8
ASV270	0	0	0	0	0	0	0	0	76	40	31	352	131	0	0	0	0	0	0	0	0	0	0	0	0	0	0	0	0	0	0	0	0	0	0	0	13	0	0	0	0	0
ASV271	0	0	0	0	0	0	0	0	54	32	71	215	74	0	0	0	0	0	0	0	0	0	0	0	0	0	0	0	4	9	0	3	0	0	0	29	72	0	62	0	0	0
ASV272	0	22	0	0	0	0	0	0	29	64	38	45	32	11	6	14	3	0	0	0	0	0	52	0	0	0	39	0	0	49	28	0	0	12	0	48	29	30	20	0	38	21
ASV273	0	0	0	0	0	0	0	0	136	73	42	262	58	0	10	7	8	0	0	0	21	0	0	0	0	0	0	0	0	0	0	0	0	0	0	0	0	0	0	0	0	0
ASV274	0	206	0	0	42	0	0	0	6	0	9	7	0	9	9	0	10	0	0	0	0	0	0	0	0	0	0	0	10	0	6	8	5	0	9	10	156	22	53	4	22	8
ASV275	0	9	0	0	12	0	0	0	0	0	0	0	0	0	0	0	7	0	0	0	28	15	11	16	16	0	66	0	38	41	46	68	28	8	110	133	0	0	0	0	0	0
ASV276	0	0	0	0	0	0	0	0	0	0	0	0	0	0	0	0	0	0	0	0	7	12	21	9	14	7	76	20	15	76	0	0	15	0	75	202	0	0	56	0	0	0
ASV277	0	0	0	0	0	0	0	0	81	36	222	179	67	6	0	0	0	0	0	0	0	0	0	0	0	0	0	0	0	0	0	0	0	0	0	0	20	0	1	0	0	0
ASV278	0	0	0	0	0	0	0	0	44	18	122	116	86	0	0	0	0	0	0	0	0	0	0	0	0	0	0	0	0	27	18	40	0	0	0	72	49	23	27	0	0	0
ASV279	0	0	0	0	0	0	0	0	0	0	0	0	0	0	0	0	0	0	0	0	0	0	0	0	0	0	0	0	0	138	144	95	19	8	82	177	0	0	0	0	0	0
ASV282	0	0	0	0	0	0	0	0	0	0	0	0	0	0	0	0	0	0	0	0	0	0	0	0	0	0	0	0	116	61	29	52	11	19	192	178	0	0	0	0	0	0
ASV283	0	0	0	0	0	16	17	0	0	0	0	0	0	0	0	26	0	0	0	0	21	29	0	16	34	0	20	26	0	47	0	0	0	0	28	82	195	36	0	0	0	0
ASV284	0	0	0	0	0	0	0	0	104	176	41	64	69	25	15	55	0	0	0	0	0	0	0	0	0	0	0	7	14	0	0	0	0	0	0	0	21	0	0	0	0	0
ASV285	0	0	0	0	0	0	0	0	0	53	0	0	0	0	0	0	21	0	0	20	30	23	0	0	0	0	0	21	0	7	0	0	0	0	51	10	70	108	136	0	0	0
ASV286	0	16	0	17	0	0	0	0	0	0	0	0	0	0	0	0	0	0	0	0	0	211	273	25	0	0	0	47	0	0	0	0	0	0	0	0	0	0	0	0	0	0
ASV287	11	49	0	0	104	54	26	20	0	17	43	8	0	39	26	12	20	64	12	0	10	0	18	0	0	6	0	0	0	0	0	0	0	0	0	0	0	0	21	11	0	5
ASV288	0	0	0	0	43	17	0	9	0	0	0	0	0	0	0	0	0	164	33	250	0	0	0	0	0	0	0	0	0	0	0	0	0	0	0	0	0	0	0	0	0	0
ASV289	0	0	0	0	0	0	0	0	0	0	0	0	0	0	0	0	0	0	0	0	0	0	0	0	0	0	0	0	11	14	14	203	225	122	9	11	0	0	0	0	0	5
ASV290	0	0	0	0	0	0	0	0	62	123	60	152	102	0	0	0	0	0	0	0	0	0	0	0	0	0	0	0	0	0	0	0	0	0	0	0	48	20	10	0	0	0
ASV292	0	36	0	0	100	23	17	10	27	46	34	47	39	13	6	15	0	19	14	0	11	0	18	15	0	0	11	0	0	0	0	0	0	0	0	0	0	38	13	0	13	0
ASV293	0	0	0	0	0	0	0	0	0	0	0	0	0	0	0	0	0	0	0	1	9	21	81	6	0	114	17	253	0	0	0	0	0	0	0	0	0	0	0	0	0	0
ASV294	0	0	0	0	0	0	0	0	0	0	0	0	0	0	0	0	0	0	0	0	0	0	0	0	0	0	0	0	33	7	0	23	0	0	30	499	0	0	0	0	0	0
ASV295	0	0	0	1	280	60	19	198	0	0	0	0	0	0	0	0	0	6	0	0	0	0	0	0	0	0	0	0	5	0	3	4	0	0	0	5	0	0	0	1	0	0
ASV296	0	0	0	0	0	0	0	0	0	0	0	0	0	0	0	0	0	0	0	0	0	0	19	0	0	0	0	0	0	88	172	88	0	31	35	0	0	83	79	0	0	0
ASV297	0	0	0	0	0	0	0	0	121	45	145	170	89	0	0	0	0	0	0	0	0	0	0	0	0	0	0	0	0	0	0	0	0	0	0	0	0	0	0	0	5	5
ASV298	0	0	0	0	0	0	0	0	0	0	0	0	0	0	0	0	0	0	0	0	0	0	0	0	0	0	0	2	468	0	26	33	0	0	93	0	0	0	0	0	0	0
ASV300	0	0	0	0	0	0	0	0	140	0	81	199	128	0	0	0	0	0	0	4	0	0	0	0	0	2	0	5	0	0	0	0	0	0	0	0	0	0	0	0	6	0
ASV302	0	0	0	0	0	0	0	0	0	0	0	0	0	0	0	0	0	0	0	0	4	0	0	0	0	0	0	0	0	5	0	0	0	2	0	0	0	46	360	0	0	0
ASV303	0	0	0	0	0	0	0	0	0	0	0	0	0	0	0	0	0	0	0	0	0	0	0	26	0	5	24	13	21	20	0	50	0	0	0	38	212	67	71	0	0	0
ASV304	0	0	0	0	0	0	0	0	0	83	0	82	60	0	0	0	0	0	0	0	0	0	0	0	0	0	0	0	0	0	0	0	0	0	0	76	84	102	74	0	0	0
ASV305	0	0	0	0	0	0	0	0	0	0	0	0	0	0	0	0	0	0	12	0	0	29	156	142	0	0	163	18	0	0	0	0	0	0	0	0	0	0	3	0	0	0
ASV306	0	0	0	0	0	21	0	0	0	0	0	0	0	0	0	0	0	0	0	0	0	0	0	0	0	0	0	0	105	55	34	110	40	0	0	109	0	116	9	0	0	0
ASV307	0	0	0	0	0	0	0	0	98	49	91	120	45	0	0	0	0	0	0	0	3	0	0	0	0	0	4	0	36	0	0	0	0	0	0	25	41	0	28	0	0	0
ASV310	0	0	0	0	0	0	0	0	0	0	0	0	0	0	0	0	0	0	0	0	0	0	0	0	0	0	0	0	28	58	39	110	122	49	33	84	0	63	0	0	0	0
ASV311	0	0	0	0	0	0	0	0	0	0	0	0	0	0	0	0	0	0	0	0	0	0	151	0	0	0	94	12	8	50	39	12	0	0	5	63	12	52	35	0	0	0
ASV312	0	7	0	0	0	0	0	0	0	0	0	0	0	6	3	0	0	0	0	0	0	0	0	0	0	0	0	0	88	69	77	10	23	173	20	11	0	0	0	31	14	0
ASV313	0	20	0	0	0	0	0	0	0	0	0	0	0	25	19	64	34	73	45	58	0	0	0	11	0	0	17	8	0	0	0	0	0	0	0	0	0	0	0	30	42	56
ASV314	0	0	0	0	0	0	0	0	28	23	85	51	14	38	10	51	60	9	18	23	0	0	0	0	0	0	0	0	0	0	0	0	0	0	0	0	0	0	0	26	46	25
ASV315	0	0	0	0	0	0	0	0	105	20	48	248	93	0	0	0	0	0	0	0	0	0	0	0	0	0	0	0	0	0	0	0	0	0	0	0	0	0	0	0	0	0
ASV316	0	0	0	0	0	0	0	0	0	0	0	0	0	0	27	9	20	24	0	44	29	15	31	64	18	20	106	21	15	0	0	15	0	0	9	34	0	0	0	0	0	0
ASV317	0	29	0	0	49	0	0	0	0	0	0	0	0	43	0	48	17	108	45	103	0	0	0	6	0	0	0	0	0	0	0	0	0	0	0	0	0	0	0	8	15	0
ASV318	0	0	0	0	0	0	0	0	90	42	99	212	81	0	0	0	0	0	0	0	0	0	0	0	0	0	0	0	0	0	0	0	0	0	0	0	11	0	0	0	0	0
ASV319	0	0	0	0	0	1	0	0	127	44	62	162	120	0	0	0	0	0	0	0	0	0	0	0	0	0	0	0	0	0	0	0	0	0	0	0	11	0	0	0	0	0
ASV320	0	0	0	0	0	0	0	0	0	0	0	0	0	0	0	0	0	0	0	0	0	0	0	0	0	0	0	0	3	0	15	14	261	209	10	11	0	0	0	0	0	0
ASV321	0	0	0	0	0	0	0	0	0	0	0	0	0	7	0	0	0	0	0	0	0	12	21	0	0	0	12	0	14	34	35	38	0	9	62	20	55	129	68	0	0	0
ASV322	0	0	0	0	0	0	0	0	0	0	0	0	0	0	0	0	0	0	0	0	0	0	0	0	0	0	0	0	39	51	64	142	74	23	64	101	0	0	0	0	0	0
ASV324	6	0	0	0	0	0	0	0	0	0	0	0	0	24	37	26	50	39	52	97	0	0	0	0	0	22	0	18	4	2	0	1	3	1	3	0	0	0	0	32	0	36
ASV325	0	0	0	0	0	0	0	0	0	0	0	0	0	0	0	0	0	0	0	0	0	0	0	0	0	0	0	0	73	0	0	18	261	175	17	0	0	0	0	0	0	0
ASV326	0	0	128	162	16	0	100	15	0	0	0	0	0	0	0	9	0	0	0	0	0	0	0	0	0	0	0	0	16	0	12	0	0	0	15	9	0	0	0	0	0	0
ASV327	0	0	0	0	0	0	0	0	0	0	0	0	0	0	0	0	0	0	0	0	0	0	0	0	0	0	0	0	6	43	7	307	186	0	9	7	0	0	0	0	0	0
ASV328	0	158	0	0	153	0	0	0	0	117	0	0	0	0	50	0	0	0	0	0	0	0	0	0	0	0	0	0	0	0	0	0	0	0	0	0	0	0	0	0	0	48
ASV329	0	0	0	0	0	0	0	0	27	41	0	35	45	0	0	0	0	0	0	0	0	21	0	0	0	0	0	25	0	0	0	0	0	0	27	0	117	56	93	0	0	0
ASV330	0	0	0	0	0	0	0	0	0	0	0	0	0	0	0	0	0	0	0	0	0	0	0	0	0	0	0	0	69	0	0	81	233	14	113	46	0	0	0	0	0	0
ASV331	0	0	0	0	0	0	0	0	0	0	0	0	0	0	0	0	0	0	0	0	0	0	0	0	0	0	0	0	150	11	0	96	129	85	40	12	0	0	0	0	0	0
ASV332	0	0	0	0	0	7	0	0	0	0	0	0	0	0	0	6	4	11	0	0	0	0	6	0	0	0	0	0	5	84	147	189	38	16	20	0	0	0	0	0	0	0
ASV333	0	0	0	0	0	0	0	0	71	43	163	132	77	0	1	4	0	0	0	0	0	0	7	0	0	0	0	0	0	0	0	0	0	0	0	0	0	0	0	0	0	0
ASV334	0	0	0	0	0	0	0	0	0	0	0	0	0	0	97	8	34	9	0	34	0	7	40	61	18	29	108	9	0	0	0	0	0	0	0	0	0	0	0	0	0	0
ASV335	0	0	0	0	0	0	0	0	0	0	0	0	0	0	0	0	0	0	0	0	0	0	4	0	0	0	0	0	0	95	268	122	25	26	14	0	0	0	0	0	0	0
ASV336	0	0	0	0	0	0	0	0	67	0	110	164	55	41	10	0	27	0	0	0	0	0	0	0	0	0	0	0	0	0	0	0	0	0	0	0	0	0	0	0	0	0
ASV339	0	0	0	0	0	0	0	0	40	41	74	96	63	0	0	0	0	0	0	0	0	0	0	0	0	0	0	0	0	0	0	0	0	0	0	0	13	0	113	0	0	0
ASV340	0	24	0	31	0	0	100	5	0	0	0	0	0	0	2	0	0	0	0	0	86	22	42	82	46	22	0	0	0	0	0	0	0	0	0	0	0	0	0	0	0	0
ASV341	0	13	0	31	0	0	83	0	0	0	0	0	0	5	0	2	13	0	0	9	74	21	38	66	42	23	15	0	0	0	0	0	0	0	0	5	0	0	0	4	0	1
ASV342	0	0	0	0	0	0	0	0	0	0	0	0	0	0	0	0	0	0	0	0	53	51	19	57	42	81	29	64	0	7	0	7	0	0	30	0	0	0	17	0	0	0
ASV343	0	0	0	0	0	0	0	0	0	0	0	0	0	0	0	7	0	0	0	0	0	0	0	0	0	0	0	0	44	68	68	53	0	0	79	74	28	15	60	0	12	0
ASV345	0	0	0	0	0	0	0	0	0	0	0	0	0	0	0	0	0	0	0	0	0	0	0	0	0	0	0	0	15	25	65	224	88	40	12	41	0	0	0	0	0	0
ASV346	0	0	0	8	0	0	15	8	0	0	0	0	0	0	7	28	112	15	0	0	28	28	33	17	72	12	6	16	7	0	0	0	0	0	0	0	0	0	0	0	20	0
ASV347	0	0	0	0	0	0	0	0	0	0	0	0	0	0	0	0	0	0	0	0	0	0	0	0	0	0	0	0	0	29	83	135	153	28	8	36	0	21	12	0	0	0
ASV348	0	0	0	0	0	0	0	0	0	0	0	0	0	0	0	0	0	0	0	0	1	0	0	0	0	0	15	0	35	58	38	51	98	54	110	44	0	0	0	0	0	0
ASV349	0	0	0	0	0	0	0	0	0	0	0	0	0	0	0	0	0	0	0	0	0	0	0	0	0	0	0	0	66	59	38	32	0	0	59	240	0	0	0	0	0	0
ASV350	0	0	0	0	0	0	0	0	0	0	0	0	0	0	0	0	0	0	0	0	0	0	0	0	0	0	0	0	27	70	82	132	0	0	0	136	0	31	9	0	0	0
ASV351	0	0	0	0	0	0	0	0	0	0	0	0	0	0	0	0	0	0	0	0	0	0	0	0	0	0	0	0	37	71	90	142	45	32	33	44	0	0	0	0	0	0
ASV352	94	0	103	129	0	0	0	0	0	0	0	0	0	0	0	0	23	0	0	0	0	0	0	0	22	0	0	0	0	0	0	0	0	9	0	0	0	0	0	8	6	35
ASV353	0	3	0	0	5	0	5	4	7	0	0	0	0	0	4	4	0	0	0	0	0	0	0	0	0	0	0	0	350	11	15	10	9	0	16	28	0	0	0	3	6	3
ASV356	0	9	0	0	0	0	0	0	0	0	0	0	0	0	11	0	0	0	0	0	0	0	0	0	0	0	26	0	0	66	79	148	15	0	42	73	0	0	0	14	0	0
ASV358	0	0	0	0	0	0	0	0	50	43	118	138	43	7	0	0	19	0	0	0	0	0	0	0	0	0	0	0	0	0	0	0	0	0	0	0	0	12	0	0	0	5
ASV359	0	12	27	25	0	0	0	0	0	0	0	0	0	11	8	85	25	16	0	26	17	21	14	0	37	0	64	7	0	0	0	0	0	0	0	0	0	0	0	0	0	5
ASV360	0	0	0	0	0	0	0	0	0	0	0	0	0	0	0	0	0	0	0	0	10	0	0	0	0	0	11	0	30	62	38	56	0	7	27	144	0	19	37	0	0	0
ASV361	0	24	0	0	33	18	0	5	33	78	52	45	40	17	2	9	5	7	4	0	0	13	2	4	0	0	6	0	0	0	0	0	0	0	0	0	6	0	0	9	7	7
ASV362	0	0	0	0	0	0	0	0	0	0	0	0	0	0	0	0	0	0	0	0	0	0	12	0	0	0	0	0	0	20	10	22	0	0	18	47	35	0	225	0	0	0
ASV363	0	6	0	0	0	0	0	0	8	0	46	43	15	69	35	6	11	0	0	0	0	0	0	0	0	0	0	2	0	0	0	0	0	0	0	0	38	6	90	0	0	3
ASV364	0	0	0	0	0	0	0	0	0	0	0	0	0	0	0	0	0	0	0	0	0	0	0	0	0	0	8	0	25	0	0	44	219	112	34	0	0	0	0	0	0	0
ASV365	0	0	0	0	0	0	0	0	0	0	0	0	0	0	4	0	2	0	0	1	0	0	0	0	0	0	0	2	58	85	53	15	39	121	15	0	0	0	0	30	0	0
ASV366	0	0	0	0	0	0	0	0	0	0	0	0	0	0	0	0	0	0	0	0	0	0	0	0	0	0	0	0	33	0	0	0	0	0	62	69	42	92	100	0	0	0
ASV367	0	0	0	0	8	0	10	8	33	49	50	116	77	0	0	0	0	0	0	0	0	0	0	0	0	0	0	0	0	0	0	0	0	0	0	0	18	0	30	0	0	0
ASV369	0	0	0	0	0	0	0	0	0	0	0	0	0	26	61	0	154	0	9	23	0	0	12	9	0	6	0	0	0	0	0	0	0	0	0	0	0	0	0	27	42	8
ASV370	0	0	0	0	6	0	0	0	26	10	65	40	17	20	3	19	46	19	18	17	0	4	5	0	0	0	0	0	0	0	0	0	0	0	0	0	0	0	0	10	45	17
ASV371	0	19	0	0	0	2	0	3	0	0	9	0	0	18	9	7	27	0	11	9	0	0	0	0	0	0	2	0	9	27	38	40	28	7	22	23	21	0	58	0	5	2
ASV373	0	2	0	0	0	0	0	0	0	0	0	0	0	0	0	0	0	0	0	0	0	0	0	0	0	0	0	0	18	83	35	48	0	11	94	87	32	17	7	0	0	0
ASV374	0	0	0	0	0	0	0	0	69	64	139	9	25	14	3	14	11	0	0	0	0	1	4	0	0	2	0	0	0	0	0	0	0	0	0	0	4	0	0	5	11	20
ASV375	0	0	0	0	0	0	0	0	0	0	0	0	0	0	0	0	0	0	0	0	0	4	0	0	0	0	0	14	35	48	85	32	11	18	66	114	4	0	0	0	0	0
ASV376	8	11	13	15	43	0	38	22	0	0	0	0	0	0	0	0	0	104	39	63	0	0	0	0	0	0	0	0	0	0	0	0	0	0	0	0	0	0	0	0	0	0
ASV377	0	0	0	0	0	0	0	0	0	0	0	0	0	0	0	0	0	45	0	14	0	5	29	11	10	0	24	0	0	36	21	36	18	14	10	14	15	0	66	0	0	0
ASV379	0	0	0	0	0	0	0	0	0	4	0	0	0	0	0	0	0	0	0	0	0	0	0	0	0	0	0	0	21	10	0	16	367	0	6	8	0	0	0	0	0	0
ASV380	0	0	0	0	0	0	0	0	0	0	0	0	0	0	0	0	0	0	0	0	0	0	0	0	0	0	0	0	22	28	92	185	46	28	14	0	0	0	0	0	0	0
ASV381	4	0	0	0	0	0	0	0	0	0	0	0	0	22	0	0	0	66	22	32	0	0	0	0	0	0	10	0	0	0	0	0	0	0	0	0	0	0	0	188	0	10
ASV382	3	0	0	0	0	13	0	6	0	0	9	0	10	0	0	0	0	6	0	19	27	15	23	17	18	15	36	13	0	0	0	0	0	0	0	0	24	128	0	0	12	0
ASV383	0	0	0	131	0	0	0	0	0	10	0	0	0	47	32	41	14	11	15	0	0	0	0	0	0	0	0	0	0	0	0	0	0	0	0	0	20	0	22	0	0	8
ASV384	0	0	0	0	0	0	0	0	0	0	0	0	0	0	0	0	0	0	0	2	0	0	8	8	0	0	15	6	0	45	90	42	13	11	26	36	30	56	15	0	0	0
ASV385	0	0	0	0	0	0	0	0	0	0	0	0	0	136	101	0	14	0	0	0	0	0	0	0	0	0	0	0	0	14	0	7	0	0	0	0	69	0	0	0	0	0
ASV386	0	0	0	0	0	0	0	0	0	0	0	0	0	6	43	0	10	35	13	16	18	7	31	74	28	0	38	18	0	0	0	0	0	0	0	0	0	0	0	0	0	12
ASV387	0	0	0	0	0	0	0	0	0	0	0	0	0	0	0	0	0	0	0	0	0	0	0	0	0	0	0	0	13	58	45	82	107	38	33	28	0	0	0	0	0	0
ASV389	0	0	0	0	10	13	0	18	0	0	0	0	0	0	0	0	0	0	0	0	0	0	0	0	0	0	14	0	11	20	0	15	0	0	12	11	22	128	77	0	0	0
ASV390	0	0	0	0	14	0	0	0	18	0	12	0	12	0	0	0	0	0	0	11	0	0	0	0	0	0	15	0	0	0	0	0	0	0	0	0	72	98	92	0	0	0
ASV393	0	0	0	0	0	0	0	0	44	45	67	70	39	31	15	13	9	0	0	0	0	0	0	0	0	0	0	0	0	0	0	0	0	0	0	0	8	0	0	0	0	8
ASV394	0	0	0	0	0	0	0	0	0	0	0	0	0	0	0	0	0	0	0	0	0	0	0	0	0	0	0	0	6	82	102	138	14	21	5	28	0	0	0	0	0	0
ASV395	0	0	0	0	0	0	0	0	87	18	97	89	60	0	0	0	0	0	0	0	0	0	0	0	0	0	0	0	0	0	0	0	0	0	0	0	0	0	0	6	0	0
ASV396	0	0	0	0	0	0	5	0	0	0	0	0	0	0	0	0	0	0	0	0	0	0	13	0	0	0	0	0	0	0	63	103	101	74	16	0	0	0	0	0	0	0
ASV397	0	0	0	0	0	0	0	0	0	0	0	0	0	0	0	0	2	0	0	0	0	0	0	0	0	6	6	0	18	11	6	7	214	36	53	10	0	0	0	0	0	0
ASV398	0	0	0	0	0	0	0	0	23	10	41	39	15	0	0	9	0	0	0	0	0	0	0	0	0	0	0	0	9	21	0	6	0	0	0	18	29	55	76	0	0	0
ASV399	0	0	0	0	0	0	0	0	21	15	20	76	35	0	0	0	0	0	0	0	0	0	0	0	0	0	0	0	0	0	19	0	30	17	0	0	10	41	62	0	0	0
ASV400	3	3	5	10	8	21	11	31	0	5	11	0	9	0	0	7	0	0	0	0	0	0	0	0	0	0	0	0	12	11	9	14	13	24	33	0	9	0	0	72	30	5
ASV401	0	0	0	0	0	0	0	0	0	0	0	0	0	0	0	0	0	0	0	0	0	0	3	4	0	0	5	0	12	29	16	29	10	0	45	27	29	62	81	0	0	0
ASV402	0	0	0	0	0	0	0	0	0	0	0	0	0	0	0	0	0	0	0	0	0	0	0	0	0	0	0	0	44	23	58	0	0	0	180	91	0	0	0	0	0	0
ASV404	0	0	0	0	0	0	0	0	50	46	43	37	14	88	37	0	0	0	0	0	0	0	0	0	0	0	0	0	0	0	0	0	0	0	0	0	26	0	0	0	0	0
ASV405	0	0	0	0	0	0	0	0	53	38	61	21	34	42	0	30	39	0	0	0	0	0	0	0	0	0	0	0	0	0	0	0	0	0	0	0	0	0	0	0	0	0
ASV406	0	4	1	0	5	4	0	3	0	0	0	0	0	3	0	0	0	0	0	0	0	0	0	0	0	0	0	0	318	10	3	5	3	0	2	5	0	0	0	0	0	0
ASV407	0	0	0	0	9	7	0	0	0	0	0	0	0	0	0	0	0	0	0	0	4	0	53	0	10	0	49	0	11	30	0	57	26	33	0	11	0	0	28	0	0	0
ASV408	0	0	0	0	0	0	0	0	0	0	0	0	0	0	0	0	0	0	0	0	0	0	0	6	0	0	0	0	0	9	0	131	160	37	14	7	0	0	0	0	0	0
ASV409	0	0	0	0	0	0	0	0	0	14	11	10	17	0	0	0	11	0	0	0	0	9	0	0	0	0	9	0	0	20	0	0	0	0	83	0	34	118	20	0	0	0
ASV410	0	0	0	0	0	0	0	0	0	0	0	0	0	0	0	0	0	0	0	0	0	0	0	0	0	0	0	0	42	0	0	171	67	39	49	0	0	0	0	0	0	0
ASV411	0	0	0	0	0	0	0	0	0	0	0	0	0	0	0	0	0	0	0	0	5	0	0	0	0	0	9	0	24	29	22	34	136	35	19	29	0	0	0	0	0	0
ASV412	0	0	0	0	0	0	0	0	0	0	0	0	0	0	0	0	0	0	0	0	0	0	0	3	0	4	19	0	278	0	0	0	6	0	16	27	0	0	0	0	0	0
ASV414	0	191	0	0	23	0	0	0	9	0	10	0	0	21	7	0	14	0	0	0	0	0	0	0	0	0	0	0	1	0	0	3	0	0	0	3	7	0	9	0	0	0
ASV416	0	0	0	0	0	0	0	0	0	0	0	0	0	0	0	0	0	0	0	0	19	12	15	14	12	124	37	44	0	0	0	0	0	0	0	0	0	0	8	0	0	0
ASV418	0	0	0	0	0	0	0	0	0	0	0	0	0	0	0	0	0	0	0	0	0	0	0	0	0	0	20	0	45	37	0	0	24	48	49	119	0	0	0	0	0	0
ASV419	0	0	0	0	0	0	0	0	0	0	0	0	0	0	0	0	0	0	0	9	0	14	0	6	0	0	66	12	0	79	18	92	0	0	14	33	0	0	0	0	0	0
ASV420	0	0	0	0	0	0	0	0	0	0	0	0	0	0	0	3	0	0	0	0	0	0	0	0	0	0	0	0	20	48	96	33	0	0	35	29	15	79	0	0	0	0
ASV422	0	0	0	0	0	0	0	0	0	0	0	0	0	0	0	0	38	0	0	0	16	0	0	0	0	0	14	0	59	92	0	38	0	0	0	40	36	0	0	0	0	0
ASV423	16	112	0	0	66	0	34	0	0	0	0	0	0	0	0	0	0	50	34	0	0	10	0	0	0	0	0	0	0	0	0	0	0	0	0	0	0	0	0	0	0	0
ASV424	0	0	0	0	0	0	0	0	6	0	0	6	13	0	0	0	0	0	0	5	0	5	0	13	7	18	19	21	16	0	0	0	0	0	130	44	29	0	0	0	8	0
ASV425	0	0	0	0	0	0	0	0	0	0	0	0	0	0	0	0	0	0	0	0	0	0	0	0	0	0	0	0	56	11	0	0	29	11	0	234	0	0	0	0	0	0
ASV426	5	0	0	70	0	0	0	0	0	0	0	0	0	3	0	11	13	87	10	18	0	0	15	0	10	0	5	0	0	0	0	0	0	0	0	0	0	13	0	20	0	0
ASV427	0	0	0	0	0	0	0	0	0	0	0	7	0	0	0	0	0	4	10	0	0	0	0	0	0	0	0	0	0	38	0	92	108	72	0	0	0	0	0	0	0	0
ASV428	0	0	0	0	0	0	0	0	0	0	0	0	0	0	0	0	0	0	0	0	0	0	0	0	0	0	4	0	0	14	0	14	0	0	231	92	0	0	0	0	0	0
ASV430	0	0	0	0	0	0	0	0	0	0	0	0	0	0	0	0	7	0	0	0	0	12	129	67	7	0	72	0	0	0	0	0	0	0	0	0	0	0	0	0	0	0
ASV431	0	0	0	0	0	0	0	0	0	0	0	0	0	0	0	0	0	0	0	5	0	0	0	0	0	0	0	0	0	51	56	15	34	17	80	0	11	0	41	0	0	0
ASV432	0	0	0	0	0	0	0	0	0	0	0	0	0	0	0	0	0	0	0	0	10	5	0	10	0	0	11	0	11	12	0	16	0	0	39	211	0	0	0	0	0	0
ASV433	0	0	0	0	0	0	0	0	0	0	0	0	0	0	0	0	0	0	0	0	0	0	0	0	0	0	0	0	24	9	0	5	142	106	30	11	0	0	0	0	0	0
ASV434	0	0	0	0	0	0	0	0	0	0	0	0	0	0	0	0	0	0	0	0	0	0	0	0	0	0	0	0	10	8	24	20	26	0	10	242	0	0	0	0	0	0
ASV435	0	0	0	0	0	0	0	0	0	0	0	0	0	0	0	0	0	0	0	0	0	0	0	0	0	0	0	0	0	0	46	89	62	92	0	31	0	0	0	0	0	0
ASV437	0	0	0	0	0	0	0	0	0	0	0	0	0	0	0	0	0	0	0	0	0	0	0	0	0	0	0	0	0	45	0	139	53	29	38	30	0	0	0	0	0	0
ASV438	0	0	0	0	0	0	0	0	0	0	0	0	0	0	0	5	9	0	0	0	20	18	42	18	0	13	25	0	6	0	0	0	43	0	0	15	21	74	0	0	0	0
ASV439	0	0	0	0	0	0	0	0	0	0	0	0	0	0	0	0	0	0	0	0	10	0	0	8	0	11	19	23	0	15	14	21	5	8	0	26	33	67	47	0	0	0
ASV440	0	0	0	0	11	29	8	12	0	15	10	36	0	0	0	0	0	0	0	14	16	0	25	0	16	0	0	0	0	0	0	0	0	0	0	0	16	120	0	0	0	0
ASV441	0	0	0	0	0	0	0	0	60	48	163	16	12	0	0	0	4	0	0	0	0	0	0	0	0	0	0	0	0	0	0	0	0	0	0	0	0	0	0	0	0	0
ASV442	0	0	0	0	0	0	0	0	54	35	73	80	71	0	0	0	0	0	0	0	0	0	0	0	0	0	0	0	0	0	0	0	0	0	0	0	0	0	0	0	0	0
ASV443	0	0	0	0	0	0	0	0	0	6	0	0	0	0	0	0	0	0	0	0	0	0	0	0	0	0	0	0	59	36	23	29	22	15	40	39	15	52	0	0	0	0
ASV445	0	0	0	0	42	24	0	0	0	0	0	0	0	0	0	0	0	0	0	0	26	16	29	13	0	23	37	45	14	0	0	0	0	0	17	0	0	0	0	0	0	0
ASV448	0	0	0	0	0	0	0	0	0	0	0	0	0	0	0	0	0	0	0	0	0	0	23	9	0	6	16	0	0	4	0	0	0	0	61	43	19	114	14	0	0	0
ASV449	0	0	0	0	0	0	0	2	0	0	0	0	0	0	0	0	4	0	0	0	0	0	0	0	0	0	0	0	177	0	0	3	0	0	0	133	0	0	0	0	0	0
ASV450	0	0	0	0	0	0	0	0	0	0	0	0	0	0	0	0	0	32	0	0	0	0	17	15	0	6	27	0	6	10	0	0	0	0	0	0	14	125	39	0	0	0
ASV451	0	0	0	0	0	0	0	0	0	0	0	0	0	0	0	0	0	0	0	0	0	0	0	0	0	0	0	0	0	0	56	18	24	40	197	0	0	0	0	0	0	0
ASV452	0	0	0	0	0	0	0	0	0	0	0	0	0	0	0	0	0	0	0	0	0	0	0	0	0	0	0	0	0	40	48	46	0	58	0	0	0	40	56	0	0	0
ASV454	0	0	0	0	0	0	0	0	0	0	48	53	27	0	0	0	0	0	0	0	0	0	0	0	0	0	0	0	0	0	0	78	37	0	0	63	0	0	0	0	0	0
ASV456	0	0	0	0	10	0	0	9	0	0	0	0	0	0	0	0	0	0	0	0	0	0	0	0	0	0	0	0	0	0	0	20	214	48	0	0	0	0	0	0	0	0
ASV457	0	0	0	0	0	0	0	0	61	21	74	75	49	0	0	0	0	0	0	0	0	0	0	0	0	0	0	0	0	0	0	0	0	0	0	0	3	0	0	0	8	4
ASV458	0	0	0	0	0	0	0	0	0	0	0	0	0	0	0	0	0	0	0	0	0	0	0	0	0	0	0	0	38	29	0	165	0	10	28	33	0	0	0	0	0	0
ASV459	0	2	0	0	9	0	0	0	0	150	0	0	82	7	5	0	0	22	0	0	0	0	0	0	0	0	0	0	4	0	0	0	0	0	0	0	12	0	0	0	0	0
ASV460	0	0	0	0	0	0	0	0	0	0	0	0	0	0	0	0	0	0	0	0	0	0	0	0	0	0	0	0	8	35	65	92	8	3	69	36	0	0	0	0	0	0
ASV462	0	0	0	0	0	0	0	0	57	22	66	77	61	0	0	0	0	0	0	0	0	0	0	0	0	0	0	0	0	0	0	0	0	0	0	0	0	0	0	0	0	0
ASV463	0	0	0	0	0	0	0	0	55	41	103	55	21	0	7	8	0	0	0	0	0	0	0	0	0	0	0	0	0	0	0	0	0	0	0	0	0	0	0	0	0	0
ASV464	0	0	0	0	0	0	0	0	0	0	0	0	0	0	0	0	0	0	0	0	14	10	0	14	8	14	0	0	32	0	0	0	0	0	68	0	50	91	0	0	0	0
ASV465	0	0	0	0	0	0	0	0	38	26	86	66	17	9	0	2	0	0	0	0	0	0	0	0	0	0	0	0	0	0	0	0	0	0	0	0	6	0	8	0	0	0
ASV466	0	0	0	0	0	0	0	0	0	0	0	0	0	0	0	0	0	0	0	0	36	23	0	29	10	37	0	93	0	0	0	0	0	4	0	0	0	32	0	0	0	0
ASV468	0	0	3	0	0	0	0	0	0	0	0	0	0	1	0	5	5	0	0	0	0	0	0	0	0	0	0	0	249	0	0	4	0	0	3	20	0	0	0	0	0	0
ASV469	0	0	0	0	0	0	0	0	0	0	0	0	0	0	0	0	0	0	0	21	10	0	0	0	0	0	0	14	22	22	9	32	37	42	0	0	0	85	0	0	0	0
ASV470	0	0	0	0	0	0	0	0	0	0	0	0	0	0	0	0	0	0	0	0	0	0	0	0	0	0	0	0	15	0	59	68	62	38	19	25	0	0	0	0	0	0
ASV471	0	0	0	0	0	0	0	0	0	0	0	0	0	0	0	0	0	0	0	0	0	0	0	0	0	0	0	0	10	5	11	25	134	60	0	11	0	0	12	0	0	0
ASV473	0	0	0	0	0	0	0	0	35	7	27	97	55	0	0	0	0	0	0	0	0	0	0	0	0	0	0	0	0	0	0	0	0	0	0	0	41	12	0	0	0	0
ASV474	0	0	0	0	0	0	57	20	0	0	0	0	0	0	0	0	10	46	0	30	29	0	13	9	26	0	0	0	0	0	0	0	0	0	0	0	0	0	0	0	0	0
ASV475	0	0	0	0	0	0	0	0	0	0	0	0	0	0	0	0	0	0	0	0	0	0	0	0	0	0	0	0	45	35	41	8	14	101	10	0	0	0	0	13	6	0
ASV476	0	0	0	0	0	0	0	0	0	0	0	0	0	0	0	0	0	0	0	0	0	0	0	0	0	0	0	0	0	6	10	17	200	41	7	9	0	0	0	0	0	0
ASV477	0	0	0	0	0	0	0	0	33	17	78	61	61	11	0	0	0	0	0	0	0	0	0	0	0	0	0	0	0	0	0	0	0	0	0	0	0	12	0	0	0	0
ASV478	0	0	0	0	0	0	0	0	0	0	0	0	0	0	0	0	0	0	0	0	0	0	0	0	0	0	0	0	23	41	70	33	47	31	30	17	0	0	0	0	0	0
ASV479	0	0	0	0	0	0	0	0	0	0	0	0	0	0	0	0	0	0	0	0	0	0	0	0	0	0	0	0	11	4	8	130	53	62	9	6	0	0	0	0	0	0
ASV483	0	0	0	0	0	0	0	0	0	0	0	0	0	0	0	0	0	0	0	0	0	4	0	3	0	0	10	0	36	25	0	20	0	0	25	142	0	0	0	0	0	0
ASV485	0	0	0	0	0	0	0	0	42	10	40	73	43	0	0	0	0	0	0	0	0	0	0	0	0	0	0	0	0	6	0	0	0	0	0	0	18	27	0	0	0	0
ASV486	0	0	0	0	5	0	0	0	50	11	33	38	27	10	0	0	17	0	16	0	0	0	0	0	0	0	0	0	0	0	0	0	0	0	0	0	0	0	45	0	0	0
ASV487	0	0	0	0	0	27	0	0	0	0	0	0	0	0	0	0	32	45	0	0	0	0	0	0	0	0	0	18	0	0	0	0	0	0	0	0	28	74	28	0	0	0
ASV490	0	0	0	0	0	0	0	0	32	25	25	19	25	0	0	0	0	0	38	0	9	0	14	0	26	0	0	0	0	0	0	0	0	0	0	0	26	0	16	0	0	0
ASV491	0	0	0	0	0	0	0	0	0	0	0	0	0	0	0	0	0	0	0	0	0	0	0	0	0	0	0	0	33	50	50	32	0	0	64	44	0	0	0	0	0	0
ASV492	0	0	0	0	0	0	0	0	0	0	0	0	0	0	0	0	0	100	0	51	32	0	17	17	0	0	0	0	0	0	0	0	0	0	0	0	0	0	0	0	0	0
ASV493	0	0	0	0	0	0	0	0	0	182	0	0	0	0	0	0	0	0	0	3	0	10	0	0	0	0	0	0	0	0	0	0	0	0	0	0	4	10	30	0	0	0
ASV494	0	0	0	0	0	0	0	0	0	0	0	0	0	0	0	0	0	0	0	0	21	23	26	12	0	45	66	0	0	0	0	0	0	0	28	21	0	0	0	0	0	0
ASV495	0	0	0	0	0	0	0	0	0	0	0	0	6	0	0	0	0	5	0	0	0	0	6	0	0	0	0	0	0	0	0	0	0	0	0	0	42	0	139	0	0	0
ASV496	0	0	0	0	0	0	0	0	0	0	0	0	0	0	0	0	0	0	0	0	0	0	0	0	0	0	0	0	24	24	59	41	0	11	70	44	0	0	0	0	0	0
ASV499	0	0	0	0	0	0	0	0	0	0	0	0	0	0	0	0	0	0	0	0	0	0	0	0	0	0	0	0	0	39	26	55	22	5	30	13	7	0	54	0	0	0
ASV501	0	0	7	0	0	10	0	6	0	0	0	0	0	49	7	8	12	12	0	19	0	12	12	28	0	0	18	0	8	0	0	0	0	0	0	0	0	0	0	21	0	0
ASV502	0	0	0	0	0	0	0	0	0	0	0	0	0	0	0	0	0	0	0	0	0	0	0	0	0	0	0	0	10	7	0	57	144	39	0	3	0	0	0	0	0	0
ASV504	0	0	0	0	0	0	0	0	0	0	0	8	0	0	0	0	0	0	0	0	0	0	0	0	0	0	0	0	0	0	8	0	0	0	0	14	46	0	131	0	0	0
ASV505	0	0	0	0	0	0	0	0	0	0	0	0	0	0	0	0	0	0	0	0	0	0	0	0	0	0	0	0	5	77	59	68	13	12	16	5	0	0	10	0	0	0
ASV506	0	0	0	0	0	0	0	0	0	0	0	0	0	0	0	0	0	77	0	0	29	45	0	17	30	0	0	0	0	0	0	0	0	0	0	0	0	0	0	0	25	0
ASV507	0	0	0	0	0	0	0	0	0	0	0	0	0	0	0	0	0	0	0	0	6	0	0	0	0	0	0	0	0	45	115	64	0	0	14	23	0	0	0	0	0	0
ASV508	0	0	0	0	0	0	0	0	29	13	70	58	26	8	2	8	10	0	2	0	2	0	0	0	0	0	0	0	0	0	0	0	0	0	0	0	0	0	0	3	11	5
ASV509	0	0	0	0	0	0	0	0	0	0	0	0	3	0	0	0	0	0	0	0	0	0	0	0	0	0	0	0	18	18	40	41	24	0	18	92	0	0	0	0	0	0
ASV512	0	0	0	0	0	0	0	0	0	0	0	0	0	0	0	0	0	0	0	0	0	0	0	0	0	0	0	0	23	45	9	25	0	0	0	152	0	0	0	0	0	0
ASV514	0	0	0	0	0	0	5	0	0	0	0	0	0	0	0	0	0	5	0	0	0	0	0	0	0	0	0	0	0	0	5	43	103	43	44	0	0	0	0	0	0	0
ASV515	0	0	0	0	0	0	0	0	0	0	0	16	9	0	0	8	0	0	0	0	0	0	0	0	0	0	0	0	22	21	15	13	20	24	38	38	0	0	14	0	0	0
ASV516	0	0	0	0	14	25	0	0	0	107	0	0	0	14	0	0	0	0	0	0	0	0	0	0	0	0	0	0	0	0	0	0	0	0	0	0	71	15	0	0	0	0
ASV517	0	0	0	0	0	0	0	0	0	0	0	0	0	0	0	0	0	0	0	0	0	0	0	0	0	0	0	0	6	68	0	90	14	0	6	48	0	21	0	0	0	0
ASV519	0	0	0	0	0	0	0	0	0	0	0	0	0	0	0	0	0	0	0	0	0	0	0	0	0	0	7	0	6	33	39	95	34	0	15	27	0	0	0	0	0	0
ASV520	0	0	0	0	0	0	0	0	0	0	0	0	0	0	0	0	0	0	0	0	0	0	0	0	0	0	0	0	12	40	74	51	0	0	0	0	2	51	25	0	0	0
ASV522	0	0	0	0	6	0	4	0	0	0	0	0	0	8	0	12	0	8	5	0	0	0	27	31	0	10	96	3	0	0	0	0	0	0	0	0	0	0	0	0	0	0
ASV523	0	0	0	0	0	0	0	0	26	17	34	52	30	0	0	0	0	0	0	0	0	0	0	0	0	0	0	0	0	0	0	54	27	0	0	0	0	0	0	0	0	0
ASV524	0	0	0	0	0	0	0	0	0	0	0	0	0	0	0	0	0	0	0	0	0	0	0	0	0	0	0	0	0	31	47	0	0	25	95	64	0	0	0	0	0	0
ASV525	0	0	0	0	0	0	0	20	0	0	0	0	0	0	0	0	0	4	0	0	0	10	0	0	0	22	0	0	23	12	23	53	0	0	0	22	0	33	12	0	0	0
ASV527	0	0	0	0	0	0	0	0	0	0	0	0	0	0	0	0	0	0	0	0	0	0	0	0	0	0	0	0	13	23	33	46	21	86	8	10	0	0	0	0	0	0
ASV529	0	0	0	0	0	0	0	0	0	0	0	0	0	0	0	0	0	0	0	0	0	0	0	0	0	0	0	0	0	42	30	26	0	0	117	41	0	0	0	0	0	0
ASV531	0	0	0	0	17	0	0	0	20	0	18	0	0	0	0	23	22	24	12	14	0	0	10	0	0	0	0	0	0	0	0	0	0	0	0	0	0	0	0	11	25	20
ASV533	0	0	0	0	0	0	0	0	33	14	37	78	35	0	0	0	3	0	0	0	0	0	0	0	0	0	0	0	0	0	0	0	0	0	7	0	12	11	0	0	0	0
ASV535	0	0	0	0	0	0	0	0	26	18	38	72	33	0	0	0	0	0	0	4	0	0	0	0	0	0	0	3	0	0	0	0	0	0	0	7	24	0	0	0	0	0
ASV536	14	0	0	10	11	18	0	0	0	0	5	21	0	13	12	0	0	24	0	0	0	0	0	0	0	0	0	0	11	0	0	0	0	0	7	0	63	0	15	0	0	0
ASV537	0	0	0	0	0	0	17	11	0	0	0	0	0	0	0	0	0	0	0	0	9	0	23	30	19	35	0	0	0	0	0	0	16	0	0	28	0	0	21	0	0	0
ASV538	0	0	0	0	0	0	0	0	5	0	8	29	13	28	16	13	0	0	0	0	0	0	0	0	0	0	0	0	7	14	0	16	0	0	0	0	57	0	12	0	0	0
ASV539	0	0	0	0	0	0	0	0	0	0	0	0	0	0	0	0	0	0	0	0	0	0	0	0	0	0	0	0	0	60	50	48	24	19	13	13	0	0	0	0	0	0
ASV540	0	0	0	0	0	0	0	0	0	0	0	0	0	0	0	0	3	0	0	0	0	0	0	2	0	0	0	2	207	7	4	5	4	0	0	5	0	0	0	2	0	0
ASV541	0	0	0	0	0	0	0	0	0	0	0	0	0	0	0	0	0	0	0	1	0	0	0	0	0	0	0	0	0	0	0	64	94	41	17	15	0	0	0	0	0	0
ASV548	0	0	0	0	0	0	0	0	0	0	0	0	0	0	0	0	0	0	0	0	0	0	0	0	0	0	0	0	0	22	0	10	45	56	0	67	0	0	0	0	0	0
ASV549	0	0	0	0	0	0	0	0	0	0	0	0	0	0	0	0	0	0	0	0	0	0	0	0	0	16	61	0	0	48	0	46	0	0	0	41	0	0	0	0	0	0
ASV553	0	0	0	0	0	0	0	0	0	0	0	0	0	0	6	3	0	50	0	0	10	14	24	12	0	2	18	17	0	0	0	0	0	0	8	18	0	0	0	0	0	0
ASV554	0	0	0	0	0	0	0	0	0	0	0	0	0	0	0	0	0	0	0	0	0	0	0	0	0	0	0	0	0	0	0	38	54	18	0	0	0	82	28	0	0	0
ASV555	0	0	0	0	0	0	0	0	0	0	0	0	0	10	0	9	16	52	17	8	7	9	9	0	2	20	17	0	0	0	0	0	0	0	0	0	0	0	0	0	0	0
ASV556	0	5	8	7	0	0	0	0	0	0	0	0	0	0	0	0	16	0	0	0	7	9	16	11	0	0	24	7	0	0	0	8	0	0	0	0	13	15	33	4	0	0
ASV557	0	0	0	0	0	0	0	2	0	0	0	0	0	0	0	0	0	0	0	0	0	0	0	0	0	0	0	0	13	18	28	84	38	17	0	24	0	0	0	0	0	0
ASV558	0	0	0	0	0	0	0	0	12	19	0	0	0	0	0	0	0	0	0	0	25	10	0	13	0	35	32	52	0	0	0	0	0	0	0	0	0	0	0	0	0	0
ASV559	0	0	0	0	0	0	0	0	0	0	0	0	0	0	0	0	0	0	0	0	0	0	0	0	0	0	4	9	0	38	42	0	0	0	109	24	0	0	0	0	0	0
ASV560	0	0	30	24	0	0	40	0	0	0	0	0	0	0	0	0	23	0	0	0	0	0	0	16	0	15	0	17	0	0	0	0	0	0	0	0	0	0	0	0	32	0
ASV561	0	0	0	0	0	0	0	0	28	15	17	45	26	0	0	0	0	0	0	0	0	0	0	0	0	0	0	0	0	0	0	0	0	0	0	8	18	0	37	0	0	0
ASV563	0	0	0	0	0	0	0	0	0	0	0	0	0	0	0	0	0	0	0	0	0	0	0	8	0	0	0	0	0	45	18	42	0	9	0	25	0	0	40	0	0	0
ASV564	0	0	0	0	0	0	0	0	0	0	0	0	0	0	0	0	0	0	0	0	0	0	0	0	0	0	0	0	0	40	15	23	0	10	14	13	0	72	28	0	0	0
ASV565	0	0	0	0	31	36	48	62	0	0	0	0	0	0	0	0	0	0	0	0	0	0	0	0	0	0	0	0	0	0	0	0	0	0	0	0	0	0	20	0	0	0
ASV566	0	0	0	0	0	0	0	0	0	0	0	17	0	0	0	0	0	0	0	0	0	0	0	0	0	0	0	6	0	0	0	0	0	0	0	0	78	0	62	0	7	0
ASV568	0	37	0	0	13	0	0	0	0	0	0	0	0	0	0	0	0	36	4	0	8	0	0	0	6	6	17	20	0	0	0	0	0	0	0	0	0	0	0	6	15	15
ASV569	0	0	0	0	0	0	0	0	38	28	69	41	39	0	0	0	0	0	0	0	0	0	0	0	0	0	0	0	0	0	0	0	0	0	0	0	0	0	0	0	0	0
ASV570	0	0	0	0	0	0	0	0	0	0	0	0	0	0	0	0	0	0	0	0	0	0	0	0	0	0	0	0	0	52	45	17	28	18	26	23	0	0	0	0	0	0
ASV571	17	8	9	7	5	0	0	0	0	0	0	97	0	0	0	0	0	0	0	0	0	2	0	9	0	0	8	0	19	0	0	0	0	0	0	0	0	0	0	7	15	6
ASV573	0	0	0	0	0	0	0	0	0	0	0	0	0	0	9	0	106	28	0	0	0	0	0	0	0	0	12	12	0	0	0	0	0	0	0	0	0	0	0	0	0	0
ASV574	0	2	0	0	0	0	0	0	30	0	14	22	25	5	0	12	0	0	0	0	0	0	6	0	0	0	0	0	0	0	43	0	20	21	0	0	0	0	0	0	0	0
ASV575	0	0	0	0	0	0	0	0	31	14	55	73	28	0	0	0	0	0	0	0	0	0	0	0	0	0	1	0	0	0	0	0	0	0	0	0	0	0	0	0	0	0
ASV578	0	0	0	0	0	0	0	0	38	39	24	20	21	20	0	0	0	0	0	0	0	0	0	0	0	0	0	0	0	0	0	0	0	0	0	0	33	0	0	0	0	0
ASV581	0	0	0	0	0	0	0	0	0	0	0	0	0	0	0	0	0	0	0	0	0	0	0	0	0	0	0	0	28	0	0	3	17	0	3	147	0	0	0	0	0	0
ASV582	0	0	0	0	0	0	0	0	0	0	0	0	0	0	0	0	2	0	0	0	0	0	0	0	0	0	0	0	0	69	47	51	7	0	10	21	0	0	0	0	0	0
ASV585	0	0	0	0	0	0	0	0	34	0	0	50	25	0	0	0	0	0	0	0	0	0	0	0	0	0	0	0	0	0	0	0	0	0	0	0	0	0	62	4	0	0
ASV586	0	0	0	0	0	0	0	0	0	0	0	0	0	0	0	0	0	0	0	0	0	0	0	11	0	0	9	0	0	0	32	97	26	0	18	14	0	0	0	0	0	0
ASV588	0	0	0	0	0	0	0	0	0	0	0	0	0	0	0	0	0	0	0	0	0	0	0	0	0	0	0	0	0	35	0	0	0	0	64	26	5	8	47	0	0	0
ASV589	0	0	0	0	0	0	0	0	0	0	0	0	0	0	0	0	0	0	0	0	0	0	0	0	0	0	0	0	9	21	9	35	0	16	33	86	0	0	0	0	0	0
ASV591	0	0	0	0	5	8	1	0	5	2	13	64	32	0	0	0	0	17	0	0	0	0	0	0	0	0	0	0	0	0	0	3	0	0	0	0	4	0	16	0	0	0
ASV592	0	0	0	0	0	0	0	0	0	0	0	0	0	0	0	0	0	0	0	0	0	4	0	8	0	0	72	0	0	0	0	0	0	0	103	11	0	0	0	0	0	0
ASV593	0	0	0	0	0	0	0	0	0	0	0	0	0	0	0	0	0	0	0	0	0	0	0	0	0	0	0	0	0	0	17	55	39	0	18	50	0	0	25	0	0	0
ASV595	0	0	0	0	0	0	0	0	0	0	0	0	0	0	0	0	0	0	0	0	0	0	0	0	0	0	0	0	9	44	16	28	0	0	63	37	0	0	0	0	0	0
ASV598	0	0	0	0	0	0	0	0	0	0	0	0	0	0	0	0	0	0	0	0	11	28	0	21	4	26	19	30	0	0	0	0	0	0	29	0	0	0	8	0	0	0
ASV599	0	0	0	0	0	0	0	0	0	0	0	0	0	0	0	0	0	0	0	0	0	0	0	0	0	0	0	0	0	3	48	37	39	41	43	0	0	0	0	0	0	0
ASV600	0	0	0	0	0	0	0	0	0	0	0	0	0	0	0	0	0	0	0	0	0	0	0	0	0	0	0	0	15	12	30	52	69	19	0	0	0	0	0	0	0	0
ASV601	0	0	0	0	0	0	0	0	0	0	0	0	0	0	0	0	0	0	0	0	0	0	0	0	0	0	0	0	0	13	42	59	42	28	13	0	0	0	0	0	0	0
ASV606	0	0	0	0	4	0	0	0	0	0	0	0	0	0	0	0	7	0	0	10	0	25	56	25	0	0	26	0	0	0	0	0	0	0	0	0	0	0	0	0	0	8
ASV609	0	0	0	0	0	0	0	0	0	0	0	0	0	0	0	0	0	0	0	0	0	0	17	15	0	0	30	0	0	32	9	52	0	0	33	0	0	0	0	0	0	0
ASV610	0	0	0	0	0	0	0	0	0	0	0	0	0	0	0	0	0	0	0	0	0	0	0	0	0	0	0	0	6	80	49	11	0	7	14	30	0	0	0	0	0	0
ASV611	0	18	0	0	0	0	0	0	0	0	7	0	0	0	39	52	0	0	11	0	0	0	0	0	0	0	0	0	0	0	0	17	0	0	0	0	0	0	0	20	0	0
ASV612	0	0	0	0	5	0	0	0	23	0	36	17	0	10	6	0	11	0	0	0	0	0	0	0	0	0	17	0	0	0	0	0	0	0	0	0	0	0	34	0	0	0
ASV613	3	9	0	0	21	31	18	0	0	0	0	0	0	0	0	0	0	43	21	0	0	0	0	0	0	0	0	0	0	0	0	0	0	0	0	0	0	0	0	0	14	0
ASV615	0	0	0	0	0	0	0	0	9	14	72	67	21	0	0	0	0	0	0	0	0	0	3	0	0	0	0	0	0	0	0	0	0	0	0	0	0	0	0	0	0	0
ASV616	0	2	0	0	5	0	0	0	0	0	0	0	0	0	0	0	0	0	0	0	0	36	6	0	0	0	1	0	15	0	4	23	41	18	0	0	13	0	0	0	3	0
ASV617	5	0	0	0	0	0	0	0	6	7	9	8	14	0	4	0	16	0	4	8	0	0	0	0	0	6	0	4	0	0	0	3	0	0	0	0	8	72	0	0	0	5
ASV618	0	0	0	0	0	0	0	0	20	3	19	63	34	0	0	0	0	0	0	0	0	0	0	0	0	0	0	0	0	0	0	0	0	0	0	0	4	43	0	0	0	0
ASV621	0	0	0	0	11	0	0	0	0	0	0	0	0	0	8	0	0	7	0	0	0	27	21	16	13	11	15	31	0	0	0	0	0	0	0	0	0	0	0	0	0	0
ASV622	0	0	0	0	0	0	0	0	0	0	0	0	0	0	0	0	0	0	0	0	0	0	0	0	0	0	0	6	6	16	32	33	0	23	18	11	0	0	26	0	0	0
ASV623	0	14	0	7	12	0	6	10	0	0	0	0	0	9	0	7	0	0	0	0	0	0	0	0	0	0	0	0	12	16	11	19	0	6	20	13	0	0	0	8	4	7
ASV624	2	3	0	0	4	4	0	1	12	40	24	15	15	5	2	1	2	0	0	0	0	8	2	10	0	6	0	3	0	0	0	0	0	0	0	0	8	1	0	0	2	2
ASV625	0	0	0	0	0	0	0	0	0	0	0	0	0	0	0	0	0	0	0	0	0	0	0	0	0	0	0	0	29	28	39	8	17	33	0	0	0	0	0	13	0	0
ASV626	0	11	0	0	0	0	0	0	48	18	22	25	21	8	0	0	6	0	0	0	0	0	0	0	0	0	0	0	0	0	0	0	0	0	0	0	5	0	0	0	9	6
ASV627	0	0	0	0	0	0	0	0	0	0	0	0	0	0	0	0	0	0	0	0	0	0	0	0	0	0	0	0	7	0	0	20	108	32	0	13	0	0	0	0	0	0
ASV628	0	3	2	2	8	5	4	0	1	0	11	0	3	0	0	3	5	5	0	0	3	8	0	4	6	0	5	3	0	5	11	7	14	7	8	4	0	0	8	4	0	3
ASV631	0	0	0	0	0	0	0	0	29	0	72	44	14	0	0	0	0	0	0	0	0	0	0	0	0	0	0	0	0	0	0	0	0	0	0	0	0	0	12	0	0	0
ASV633	0	0	0	0	0	0	0	0	56	0	37	36	26	0	0	0	0	0	0	0	0	0	0	0	0	0	0	0	0	0	0	0	0	0	0	0	0	0	0	0	0	6
ASV635	0	0	0	0	0	0	0	0	0	0	0	0	0	0	0	0	0	0	0	0	0	0	0	0	0	0	0	0	0	6	0	31	66	28	21	20	0	0	0	0	0	0
ASV636	0	0	0	0	0	0	0	0	0	9	0	0	0	6	0	0	5	0	0	0	0	0	0	0	0	0	0	0	12	8	0	0	43	29	22	9	0	0	25	0	0	0
ASV638	0	0	0	0	5	35	14	12	0	0	0	0	0	0	0	0	0	30	16	26	0	0	0	0	0	0	0	0	0	0	0	0	0	0	0	0	0	0	10	7	0	11
ASV639	0	0	0	0	0	0	0	0	7	5	46	49	33	0	0	0	0	0	0	0	0	0	0	0	0	0	0	0	6	3	7	4	0	5	0	0	0	0	0	0	0	0
ASV643	0	0	0	0	0	0	0	0	0	0	0	0	0	0	0	0	0	0	0	0	0	0	0	0	0	0	0	0	0	38	18	18	0	7	15	73	0	0	0	0	0	0
ASV645	0	0	0	0	0	0	0	0	29	0	16	32	19	0	0	0	0	0	0	0	0	0	0	0	0	0	0	0	0	0	17	0	0	0	27	35	0	0	0	0	0	0
ASV646	0	0	0	0	0	0	0	0	15	17	50	48	32	0	0	0	0	0	0	0	0	0	0	0	0	0	0	0	0	0	0	0	0	0	0	0	0	0	0	0	0	0
ASV649	0	0	0	0	0	0	0	0	15	17	45	45	29	0	0	0	0	0	0	0	0	0	0	0	0	0	0	0	0	0	0	0	0	0	0	0	12	0	0	0	0	0
ASV653	0	0	0	0	0	0	0	0	0	0	0	0	0	19	0	0	0	0	0	15	0	16	0	17	0	0	41	9	0	0	0	0	0	0	0	0	0	0	0	7	31	0
ASV655	0	0	0	0	0	0	0	0	0	0	55	25	21	0	0	6	0	0	0	0	0	0	0	0	0	0	0	0	14	0	0	0	0	0	0	0	36	0	0	0	0	0
ASV658	0	0	0	0	0	0	0	0	0	0	0	0	0	0	0	0	0	0	0	0	0	0	35	26	0	0	20	0	0	0	33	46	0	0	0	0	0	0	0	0	0	0
ASV660	0	0	0	0	0	0	0	0	0	0	0	0	0	0	0	0	0	0	0	0	0	0	0	0	0	0	2	0	0	15	57	27	25	9	14	19	0	0	0	0	0	0
ASV661	0	0	0	0	0	0	0	0	0	0	0	0	0	0	0	0	0	0	0	0	0	0	0	0	0	0	0	0	4	8	0	2	3	12	89	50	0	0	0	2	0	0
ASV663	1	0	0	0	0	0	0	0	0	0	0	0	0	0	0	0	0	0	0	0	0	0	9	0	0	0	11	0	15	36	10	28	0	0	34	8	0	0	6	0	0	0
ASV664	0	0	0	0	0	0	0	0	0	0	0	0	0	0	0	0	0	0	0	0	0	0	0	0	0	0	0	0	17	29	38	0	0	63	0	0	0	0	0	15	0	0
ASV668	0	0	0	0	0	0	0	0	10	6	10	7	14	0	0	0	8	0	0	0	0	0	0	0	0	0	9	7	17	0	0	0	0	0	37	10	8	0	10	0	0	0
ASV673	0	0	0	0	0	0	0	0	37	9	23	55	23	0	0	0	0	0	0	0	0	0	0	0	0	0	0	0	0	0	0	0	0	0	0	0	6	0	0	0	0	0
ASV675	0	0	0	0	0	0	0	0	0	0	0	0	0	0	0	4	0	0	0	0	0	0	0	0	0	0	0	0	0	0	32	60	21	26	26	0	0	0	0	0	0	0
ASV677	0	0	0	0	0	0	0	0	18	14	64	36	18	0	0	0	0	0	0	0	0	0	0	0	0	0	0	0	0	0	0	0	0	0	0	0	0	0	0	0	0	0
ASV678	0	0	0	0	0	0	0	0	0	0	0	0	0	17	0	0	0	0	0	0	0	19	20	22	0	0	18	41	0	0	0	0	0	0	0	0	0	0	0	0	0	0
ASV682	0	0	0	0	0	0	0	0	0	0	0	0	0	0	0	0	0	0	0	0	0	0	0	0	0	0	0	0	4	29	19	49	22	11	19	10	0	0	0	0	0	0
ASV683	0	0	0	0	0	0	0	0	32	34	16	41	35	0	0	0	0	0	0	0	0	0	0	0	0	0	0	0	0	0	0	0	0	0	0	0	0	0	0	0	0	0
ASV685	0	0	0	0	0	0	0	0	0	0	0	0	0	0	0	0	0	0	0	0	0	0	0	0	0	0	0	0	9	13	0	7	0	0	49	78	0	0	0	0	0	0
ASV686	0	0	0	0	0	0	0	0	0	0	0	0	0	0	0	0	0	0	0	0	0	0	0	0	0	0	0	0	0	8	8	7	11	2	6	111	0	0	0	0	0	0
ASV689	0	0	0	0	0	0	0	0	15	0	15	26	0	0	0	0	0	0	0	0	0	0	0	0	0	0	0	0	0	27	0	41	26	0	0	0	0	0	0	0	0	0
ASV691	0	0	0	0	0	0	0	0	0	0	0	0	0	0	0	0	0	0	0	0	0	0	0	0	0	0	0	0	5	7	13	85	22	22	0	8	0	0	0	0	0	0
ASV693	0	0	0	0	5	15	3	10	0	0	0	0	0	0	0	0	0	0	0	0	0	0	15	13	0	0	53	0	0	0	0	7	0	9	0	0	0	0	0	0	0	0
ASV694	0	0	0	0	0	0	0	0	0	0	0	0	8	0	0	0	0	0	0	0	0	0	0	0	0	0	0	0	0	36	60	34	0	0	23	0	0	0	0	0	0	0
ASV695	0	0	0	0	0	0	0	0	0	0	0	0	0	0	6	0	0	0	0	0	0	0	0	0	0	0	0	0	13	27	83	27	0	3	0	0	0	0	0	0	0	0
ASV696	0	10	0	0	26	18	8	13	0	0	0	0	0	0	0	4	0	42	0	0	0	0	0	0	0	0	0	0	0	0	0	0	0	0	0	0	0	0	0	0	0	0
ASV697	0	0	0	0	0	0	0	0	0	0	0	0	0	0	0	0	0	0	0	0	15	5	41	8	13	7	27	3	0	2	4	8	0	0	7	0	0	0	0	0	0	0
ASV700	0	28	12	7	0	0	52	33	0	0	0	0	0	0	0	0	0	0	0	0	0	0	0	0	0	0	0	0	0	0	0	0	0	0	0	0	0	0	0	0	0	0
ASV702	0	0	0	0	0	0	0	0	0	0	0	0	0	0	0	0	0	0	0	0	0	0	0	0	0	0	0	0	0	25	21	35	39	21	11	0	0	0	0	2	0	0
ASV704	3	10	0	0	27	6	8	1	0	0	0	0	0	3	12	4	4	0	6	11	2	3	1	5	5	2	4	0	1	1	2	2	4	0	0	6	0	0	0	0	3	0
ASV705	0	0	0	0	0	6	0	10	0	0	0	0	0	0	0	20	0	26	0	17	0	0	0	0	0	0	8	0	0	0	0	0	0	0	0	0	0	0	21	0	0	7
ASV706	0	0	0	0	0	0	0	0	0	0	0	0	0	6	7	4	9	10	0	22	0	0	22	17	0	0	43	0	0	0	0	0	0	0	0	0	0	0	0	6	0	0
ASV707	0	0	0	0	0	0	0	0	0	0	0	0	0	0	0	0	0	0	0	0	0	0	0	0	0	0	0	0	0	29	50	35	0	0	20	22	0	0	0	0	0	0
ASV708	0	0	0	0	0	0	0	0	0	0	0	0	0	0	0	0	0	0	0	0	0	0	0	0	0	0	0	0	0	0	0	0	0	0	24	20	22	25	52	0	0	0
ASV710	0	0	0	0	0	0	0	0	0	0	0	0	0	0	0	0	0	23	0	0	0	0	0	0	0	0	0	0	0	9	26	28	49	15	0	0	0	0	0	0	0	0
ASV711	0	58	0	0	0	0	0	0	0	0	0	0	0	15	40	0	0	0	0	0	0	0	0	0	0	0	0	0	0	0	0	13	0	0	4	0	0	0	0	0	0	0
ASV717	0	0	0	0	0	0	0	0	0	0	0	0	0	0	0	0	0	0	0	0	0	0	0	0	0	0	0	0	29	0	0	13	78	19	11	0	0	0	0	0	0	0
ASV720	0	0	0	0	23	6	0	10	0	0	0	0	0	0	0	0	0	0	0	0	0	0	44	0	0	0	46	0	0	0	0	0	0	0	0	0	6	0	0	0	0	0
ASV723	0	0	0	0	0	0	0	0	21	9	35	36	18	0	0	0	0	0	0	0	0	0	0	0	0	0	0	0	0	0	0	0	0	0	0	0	0	0	13	0	0	0
ASV725	0	0	0	0	0	0	0	0	0	0	0	0	0	0	0	0	0	0	0	0	0	0	0	0	0	0	0	0	8	23	0	34	0	0	59	25	0	0	0	0	0	0
ASV730	0	0	0	0	0	0	0	0	0	0	0	0	0	0	0	0	0	0	0	0	14	14	11	16	11	14	25	14	0	0	0	0	0	0	0	0	0	0	0	0	0	0
ASV731	0	0	0	0	0	0	0	0	0	0	0	0	0	0	0	0	0	0	0	0	0	0	0	0	0	0	0	0	16	0	0	3	103	13	0	2	0	0	0	0	0	0
ASV733	4	0	0	6	0	0	0	0	0	0	0	0	0	0	0	0	4	0	18	2	0	0	13	15	0	13	23	0	0	0	0	0	0	0	0	0	10	0	0	0	10	6
ASV734	0	0	0	14	0	0	0	4	0	0	0	0	0	0	0	0	20	0	0	0	4	0	10	13	17	4	8	5	0	0	0	0	0	0	0	0	0	0	0	0	4	13
ASV735	0	0	0	0	0	0	0	0	0	0	0	0	0	0	0	0	0	0	0	0	0	0	0	0	0	0	0	0	13	10	19	27	34	19	0	23	0	0	0	0	0	0
ASV737	0	53	0	0	16	0	0	0	0	0	0	0	0	0	9	0	6	0	0	0	0	0	0	0	0	0	0	6	0	0	0	0	7	0	0	0	10	0	11	6	0	10
ASV741	0	0	0	0	0	0	0	0	0	0	0	0	0	0	0	0	0	0	0	0	0	0	0	0	0	0	6	0	8	18	12	27	17	11	11	6	0	0	14	0	0	0
ASV743	0	45	0	0	23	0	0	0	0	0	0	0	0	0	0	0	0	0	0	0	3	0	0	0	0	6	17	4	0	0	0	7	4	2	3	3	0	0	0	0	0	0
ASV746	0	15	0	0	41	15	0	0	0	0	24	5	0	4	0	0	0	16	0	7	0	0	0	0	0	0	0	0	0	0	0	0	0	0	0	0	0	0	0	0	0	0
ASV747	0	0	0	0	0	0	0	5	0	0	0	0	0	0	5	0	0	22	0	3	0	0	0	3	0	0	0	0	8	4	7	10	18	7	4	11	26	0	0	0	0	0
ASV752	0	0	0	0	0	0	0	0	0	9	0	0	0	0	0	0	0	0	12	0	0	0	0	0	15	0	0	0	0	0	0	0	0	0	0	0	0	80	0	19	0	0
ASV755	3	0	3	51	2	0	35	20	0	0	0	0	0	0	0	0	0	0	0	0	4	0	0	0	4	0	0	0	0	0	0	0	0	0	0	0	0	0	0	0	0	0
ASV756	0	0	22	6	12	0	14	10	0	0	0	0	0	0	0	16	0	0	0	0	0	0	0	0	0	0	0	0	0	0	0	0	0	0	0	35	0	0	0	0	21	0
ASV757	0	0	0	0	0	0	0	0	0	0	3	0	0	0	0	0	0	0	0	0	0	0	0	0	0	0	0	0	17	19	29	0	0	47	0	0	0	0	0	11	0	0
ASV758	0	0	0	0	0	0	0	0	0	0	0	0	0	0	0	0	0	0	0	0	9	11	0	8	13	23	0	11	0	15	0	18	0	0	12	0	0	0	0	0	0	0
ASV759	0	0	0	0	0	0	0	0	0	0	0	0	0	0	0	0	0	0	0	0	10	16	5	14	4	16	11	0	21	3	0	9	5	3	10	0	0	0	0	0	0	0
ASV760	0	0	0	0	0	0	0	0	0	0	0	0	0	0	0	0	0	0	0	0	0	0	0	0	0	0	0	0	0	35	24	24	11	11	25	0	10	0	0	0	0	0
ASV761	0	0	0	0	0	0	0	0	0	0	0	0	0	0	0	0	0	0	0	0	0	0	0	0	0	0	0	0	0	20	49	40	0	0	8	25	0	0	0	0	0	0
ASV768	0	0	0	0	0	0	0	0	0	0	0	0	0	0	0	0	0	0	0	0	0	0	0	0	0	0	6	0	0	31	9	15	0	0	17	36	20	0	0	0	0	0
ASV771	0	17	52	0	0	7	22	17	0	0	0	0	0	0	0	0	0	0	0	0	0	0	0	0	0	0	0	0	0	0	0	0	0	0	0	0	0	0	0	0	3	0
ASV772	0	0	0	0	15	0	0	0	0	0	2	0	8	0	0	15	10	9	0	0	0	0	0	0	0	0	0	0	0	0	0	0	0	0	0	0	0	0	28	0	9	9
ASV773	0	0	0	0	0	0	0	0	0	4	9	0	0	0	0	0	0	0	4	6	0	0	0	0	0	1	5	0	0	8	9	8	43	10	11	9	0	0	0	0	0	0
ASV774	0	0	0	0	0	0	0	0	0	0	0	0	0	0	0	0	0	0	0	0	0	0	0	0	0	0	0	0	12	7	13	9	13	12	18	50	0	0	0	0	0	0
ASV776	0	0	0	0	0	0	0	0	0	0	0	0	0	0	0	0	0	0	0	0	0	0	0	0	0	0	0	0	0	10	0	48	48	23	14	0	0	0	0	0	0	0
ASV778	0	0	0	0	0	0	0	0	0	0	0	0	0	0	0	0	0	0	0	0	0	0	0	0	0	3	8	0	0	12	21	10	0	0	29	44	0	0	0	0	0	0
ASV781	0	0	0	0	0	0	0	0	0	0	0	0	0	0	0	0	0	0	0	0	2	0	0	2	0	0	7	0	0	11	0	0	0	0	0	105	0	0	0	0	0	0
ASV783	0	0	0	0	0	0	0	0	0	0	0	0	0	0	0	0	0	0	0	0	0	0	0	0	0	0	0	0	18	27	25	4	11	21	7	0	0	0	0	6	7	0
ASV784	0	0	0	0	0	0	0	0	0	0	0	0	0	0	0	0	0	0	0	0	0	0	0	0	0	0	0	0	14	21	11	0	0	0	20	18	0	0	30	0	0	0
ASV785	0	0	0	0	0	0	0	0	0	0	0	0	0	0	0	0	0	0	0	0	0	0	0	0	0	0	0	0	10	0	0	42	45	16	8	6	0	0	0	0	0	0
ASV787	7	0	0	0	8	5	0	0	0	0	5	0	0	2	1	32	1	18	8	8	0	0	0	0	0	4	0	0	0	0	0	0	0	0	0	0	0	0	0	1	8	3
ASV788	0	0	4	0	0	0	0	0	0	0	0	0	0	0	0	0	0	0	5	0	0	0	22	21	10	0	41	4	0	0	0	0	0	0	0	0	0	0	0	0	0	0
ASV789	0	0	0	0	0	0	0	0	0	0	0	3	0	12	5	0	12	0	0	0	0	0	0	0	0	0	0	0	0	19	0	19	7	0	19	15	0	0	0	0	0	0
ASV790	0	0	0	0	0	0	0	0	0	0	0	0	0	0	0	0	0	0	0	0	0	0	15	12	8	0	23	0	0	0	13	7	24	12	3	0	0	0	0	0	0	0
ASV793	0	0	0	0	0	0	0	0	0	0	0	0	0	0	0	0	0	0	0	0	26	21	0	0	0	26	0	0	17	0	0	0	0	0	0	0	0	13	4	0	0	0
ASV797	0	0	0	0	0	0	0	0	20	10	41	22	16	3	0	0	0	0	0	0	0	0	0	0	0	0	0	0	0	0	0	0	0	0	0	0	7	0	0	0	0	0
ASV799	0	0	0	0	0	0	0	0	0	0	0	0	0	0	0	0	0	0	0	0	0	0	0	0	0	0	0	0	0	13	42	26	12	11	0	5	0	20	0	0	0	0
ASV800	0	6	0	0	27	0	7	0	0	0	0	0	0	0	0	24	0	0	0	1	0	5	8	9	7	2	7	5	1	1	0	1	0	0	0	0	2	0	0	0	0	0
ASV801	0	0	0	3	0	0	0	0	0	0	0	0	0	0	0	0	0	0	0	0	0	0	0	0	0	0	0	0	12	22	19	13	0	10	27	14	0	0	0	0	0	0
ASV802	0	0	0	0	0	0	0	0	0	0	0	0	0	0	0	0	0	2	0	0	5	14	0	14	10	16	9	12	0	0	0	0	0	0	24	0	0	0	11	0	0	0
ASV803	0	0	0	0	0	0	0	0	0	0	0	0	0	0	0	0	0	0	0	0	0	0	0	0	0	0	0	0	35	10	0	53	8	0	14	11	0	0	0	0	0	0
ASV804	0	0	0	0	0	0	0	0	0	0	0	0	0	0	0	0	0	0	0	0	0	0	0	0	0	0	0	0	10	24	8	24	26	0	13	17	0	0	0	0	0	0
ASV805	0	23	0	0	25	0	0	0	0	0	0	0	0	0	0	0	0	0	0	0	1	0	0	0	0	0	32	21	5	0	0	0	0	0	0	0	0	0	0	0	0	0
ASV806	0	0	0	0	0	0	0	0	17	12	12	42	19	0	0	0	0	0	0	0	0	0	0	0	0	0	0	0	0	3	0	0	0	0	0	0	9	0	0	0	0	0
ASV809	0	0	0	0	0	0	0	0	16	13	17	36	26	0	0	0	0	0	0	0	0	0	0	0	0	0	0	0	0	0	0	0	0	0	0	0	0	0	0	0	0	0
ASV810	0	0	0	0	0	0	0	0	8	6	24	42	22	0	0	7	0	0	0	0	0	0	4	0	0	0	0	0	0	0	0	0	0	0	0	0	6	0	0	0	0	0
ASV811	0	0	0	0	0	0	0	0	0	0	0	0	0	0	0	0	0	0	0	0	0	0	0	0	0	0	0	0	0	25	19	62	11	6	7	0	0	0	0	0	0	0
ASV812	3	3	0	0	0	1	1	0	0	0	0	0	0	6	2	1	3	4	0	4	0	0	0	0	0	7	0	0	0	0	0	0	0	0	0	0	0	0	0	49	7	12
ASV815	0	0	0	0	0	0	0	0	0	0	0	0	0	0	0	0	0	0	0	0	0	0	0	21	0	0	0	0	0	11	38	30	0	0	20	0	0	0	0	0	0	0
ASV819	0	0	0	0	0	10	0	0	0	0	0	0	0	0	0	0	0	0	0	0	25	0	9	20	0	0	43	0	0	0	0	0	0	0	0	0	0	0	0	0	0	0
ASV820	0	0	0	0	0	0	0	0	0	0	0	42	23	0	0	0	0	0	0	0	0	0	0	0	0	0	0	0	12	0	0	13	0	0	0	13	0	14	0	0	0	0
ASV826	0	0	0	0	0	0	0	0	0	0	0	0	0	0	0	0	0	0	0	0	0	0	0	0	0	0	0	0	4	0	0	38	35	25	10	0	0	0	0	0	0	0
ASV827	0	0	0	0	0	0	0	0	0	0	0	0	0	0	0	0	0	0	0	0	0	0	0	0	0	0	0	0	0	17	21	14	0	11	0	0	0	36	14	0	0	0
ASV828	0	11	0	0	16	12	0	0	0	0	0	0	0	2	4	0	0	0	13	10	3	0	6	6	0	10	0	6	0	0	0	0	0	0	0	0	0	0	0	0	0	0
ASV829	0	0	0	0	18	8	0	0	0	0	0	0	0	0	0	0	0	0	0	0	0	0	27	0	0	0	19	0	0	0	0	0	0	0	0	0	24	0	0	0	0	0
ASV831	0	0	0	0	5	6	10	9	0	2	0	0	5	0	0	3	9	0	9	9	11	0	0	0	0	0	0	0	0	13	4	0	0	0	0	0	0	0	0	4	0	1
ASV832	0	0	0	0	0	0	0	0	7	9	0	15	8	0	0	0	0	0	0	0	0	0	0	0	0	0	0	0	0	0	0	40	0	0	0	34	0	0	0	0	0	0
ASV835	0	0	0	0	0	0	0	0	0	21	0	0	0	0	0	0	0	0	0	0	0	0	0	0	0	0	29	0	0	0	0	0	0	0	25	0	22	18	0	0	0	0
ASV836	0	0	0	0	0	0	0	0	0	0	0	0	0	0	0	0	0	0	0	0	0	0	0	0	0	0	0	0	0	22	0	0	37	8	7	21	0	20	0	0	0	0
ASV839	0	0	0	0	0	0	0	0	0	0	0	0	0	0	0	0	0	0	0	0	0	0	0	0	0	0	0	0	8	17	18	33	0	0	26	13	0	0	0	0	0	0
ASV840	0	0	0	0	0	0	0	0	0	0	0	0	0	0	0	0	0	0	0	0	0	0	0	0	0	0	0	0	0	0	37	31	0	8	24	16	0	0	0	0	0	0
ASV846	0	0	0	0	0	0	0	0	0	0	0	0	0	0	0	0	0	0	0	0	0	0	0	0	0	0	0	0	13	0	6	27	10	22	36	0	0	0	0	0	0	0
ASV848	0	0	0	0	0	0	0	0	0	0	0	0	0	0	0	0	0	0	0	0	0	0	0	0	0	0	0	0	0	11	11	0	21	3	8	11	0	28	12	0	0	0
ASV853	0	0	0	0	0	0	0	0	18	7	20	39	11	10	2	0	0	0	0	0	0	0	0	0	0	0	0	0	0	0	0	0	0	0	0	0	0	0	0	0	0	0
ASV854	0	0	0	0	0	0	0	0	0	0	0	0	0	0	8	0	0	24	0	0	5	9	0	0	0	11	38	0	0	0	0	0	0	0	0	0	0	0	0	0	0	0
ASV855	0	0	0	0	0	0	0	0	0	0	0	0	0	0	0	0	0	0	0	0	17	21	0	12	13	11	0	20	0	0	0	0	0	0	0	0	0	0	0	0	0	0
ASV857	0	0	0	0	0	0	0	0	0	0	0	0	0	0	0	0	0	0	0	0	9	2	6	0	7	14	0	47	0	0	0	0	0	0	0	0	0	0	0	0	0	0
ASV863	0	0	0	0	0	0	0	0	4	0	3	17	0	4	0	0	0	0	0	0	0	0	0	0	0	0	0	0	0	0	28	0	8	0	14	31	0	3	0	0	0	0
ASV870	0	0	0	0	0	0	0	0	0	0	0	0	0	0	23	0	0	0	0	6	0	5	0	15	0	8	11	20	0	0	0	0	0	0	0	0	0	0	0	0	0	0
ASV871	0	0	0	0	0	0	0	0	0	0	0	0	0	0	0	0	0	0	0	0	8	0	0	8	0	0	6	0	0	0	5	36	3	9	0	0	0	0	19	0	0	0
ASV872	0	0	0	0	0	0	0	0	0	0	0	0	0	0	0	0	0	0	0	0	0	0	0	0	0	5	0	0	9	11	18	0	0	0	44	20	0	0	0	0	0	0
ASV873	0	0	0	0	0	0	0	0	0	0	0	0	0	0	0	0	0	0	0	0	0	0	0	0	0	0	0	0	49	9	19	0	0	7	12	13	0	0	0	0	0	0
ASV875	0	0	0	0	0	0	0	0	0	0	0	0	0	0	0	0	0	16	0	9	0	0	0	0	0	0	0	0	14	0	0	3	42	0	0	10	0	0	0	0	0	0
ASV876	0	0	0	0	0	0	0	0	0	0	0	0	0	0	0	0	0	0	0	0	0	0	7	3	0	0	0	0	0	15	47	25	0	0	4	7	0	0	0	0	0	0
ASV877	0	0	0	0	0	0	0	0	0	0	0	0	0	0	0	0	0	0	0	0	0	0	0	6	0	0	0	0	19	0	10	0	12	0	31	30	0	0	0	0	0	0
ASV878	0	0	0	0	0	0	0	0	0	0	0	0	0	0	0	0	0	0	0	0	0	0	0	0	0	0	0	0	42	10	12	25	0	0	0	19	0	0	0	0	0	0
ASV881	0	0	0	0	0	0	0	0	8	0	7	15	4	0	0	0	0	0	0	0	0	0	0	0	0	0	0	0	0	0	0	0	0	0	0	0	7	0	39	0	0	3
ASV882	0	0	0	0	0	0	0	0	0	0	0	0	0	0	0	0	0	0	0	0	0	3	0	0	0	0	9	11	0	20	0	0	0	0	29	23	4	0	0	0	0	0
ASV883	0	0	0	0	0	0	0	0	0	0	0	0	0	0	0	0	0	0	0	0	0	0	0	0	0	0	0	0	1	30	12	30	9	0	21	0	0	0	0	0	0	0
ASV886	0	0	0	0	0	0	0	0	0	0	0	0	0	0	0	0	0	0	0	0	0	0	0	0	0	0	30	0	0	17	0	19	0	0	15	6	6	0	0	0	0	0
ASV890	0	0	0	0	24	0	0	0	0	0	0	0	0	0	0	0	0	23	6	13	0	0	0	0	8	0	9	0	0	0	0	0	0	0	0	0	1	1	0	0	0	0
ASV891	0	0	0	0	0	0	0	0	0	0	0	0	0	17	0	0	25	10	0	0	0	0	0	0	0	0	0	0	0	0	0	0	0	0	0	0	0	0	0	12	19	0
ASV892	0	0	0	0	0	0	0	0	0	0	0	0	0	0	0	0	0	0	0	0	10	0	0	0	0	0	0	11	0	27	0	20	0	0	0	12	0	14	0	0	0	0
ASV896	0	0	0	0	0	0	0	0	11	6	13	39	9	4	0	0	5	0	0	0	0	0	0	0	0	0	0	0	0	0	0	0	0	0	0	0	0	0	0	0	0	0
ASV903	0	0	0	0	0	0	0	0	0	0	0	0	0	0	0	0	0	0	0	0	20	19	0	17	14	13	0	0	0	0	0	0	0	0	0	0	0	0	0	0	0	0
ASV904	0	0	0	0	0	0	0	0	0	0	0	0	0	0	0	0	0	0	0	0	0	0	0	0	0	0	0	0	14	16	22	3	5	12	8	0	0	0	0	13	0	0
ASV906	0	2	0	0	5	12	0	2	6	3	3	1	5	2	0	4	0	0	4	4	2	2	3	0	0	1	0	1	0	0	0	5	0	0	12	2	0	0	0	4	2	2
ASV907	0	0	0	0	9	0	12	0	0	0	0	0	0	0	0	5	8	0	16	19	0	0	0	0	0	0	0	0	0	0	0	0	0	0	0	0	0	19	0	0	0	0
ASV908	0	0	0	0	0	0	0	0	19	17	12	17	9	4	0	7	0	0	0	0	0	0	0	0	0	0	0	0	0	0	0	0	0	0	0	0	5	0	0	0	0	0
ASV910	0	0	0	0	0	0	0	0	16	6	22	28	13	0	0	0	0	0	0	0	0	0	0	0	0	0	0	0	0	0	0	0	0	0	0	0	0	0	0	0	4	0
ASV911	0	0	0	0	0	0	0	0	10	0	14	20	14	0	0	0	0	0	0	0	0	0	0	0	0	0	0	0	3	0	0	0	0	0	0	0	6	0	12	0	0	0
ASV914	0	0	0	0	0	0	0	0	0	0	0	0	0	0	0	0	0	0	0	0	0	0	0	0	0	0	3	0	0	8	13	16	28	7	17	0	0	0	0	0	0	0
ASV918	0	0	0	0	0	0	0	0	0	0	0	0	0	0	12	11	0	0	0	0	0	3	17	12	0	0	0	6	0	0	0	0	0	0	0	0	0	0	0	0	24	0
ASV921	0	0	0	0	0	0	0	0	0	0	0	0	0	0	0	0	0	0	0	0	0	0	0	0	0	0	0	0	37	0	0	5	29	3	16	11	0	0	0	0	0	0
ASV922	0	0	0	0	0	0	0	0	0	0	0	0	0	0	0	0	0	0	0	0	0	0	0	0	0	0	0	0	0	15	20	0	0	0	0	0	6	16	28	0	0	0
ASV925	0	10	4	0	4	0	0	0	0	0	0	0	0	0	0	0	0	0	0	0	0	16	13	0	0	0	12	0	2	9	0	11	0	0	0	0	0	0	0	0	1	0
ASV926	0	0	0	0	0	0	0	0	0	0	0	0	0	0	0	0	0	0	0	0	15	18	0	15	12	8	18	0	0	0	0	0	0	0	0	0	0	0	0	0	0	0
ASV932	0	0	0	0	0	0	0	0	9	0	38	9	10	0	0	0	0	0	0	0	0	0	0	0	0	0	0	0	0	0	0	0	0	0	0	0	0	23	0	0	0	0
ASV934	0	0	0	0	0	0	0	0	0	0	0	0	0	0	0	0	0	0	0	0	9	22	14	0	13	0	6	13	0	0	0	0	0	0	0	0	0	0	0	0	0	0
ASV935	0	0	0	0	0	0	0	0	0	0	0	0	0	0	0	0	0	0	0	0	6	0	0	0	0	0	26	0	0	0	0	0	0	0	22	0	0	0	0	7	14	8
ASV938	0	0	0	0	0	0	0	0	5	0	0	0	6	9	0	0	0	0	0	0	0	0	0	0	0	0	0	0	39	0	0	0	0	0	29	0	0	0	0	0	0	0
ASV943	0	0	0	0	0	0	0	0	11	0	0	0	0	3	0	0	2	0	0	0	0	0	0	0	0	0	0	0	5	10	11	5	8	0	0	7	0	0	13	0	0	0
ASV944	0	0	0	0	0	0	0	0	0	0	0	0	0	0	0	0	0	0	9	6	4	3	4	12	0	14	13	6	0	0	0	0	0	0	0	0	0	0	0	0	0	0
ASV949	0	27	0	0	7	0	0	0	0	0	0	0	0	3	0	0	0	0	0	0	0	0	0	0	0	0	0	0	0	0	0	0	2	0	0	0	26	0	0	0	9	6
ASV956	0	0	0	0	0	0	0	0	0	0	0	0	0	10	34	14	0	0	0	0	0	0	0	0	0	0	0	0	0	5	0	0	2	0	0	5	0	0	0	0	0	0
ASV958	0	0	0	0	0	0	0	0	11	0	10	29	19	0	0	13	0	0	0	0	0	0	0	0	0	0	0	0	0	0	0	0	0	0	0	0	0	0	0	0	0	0
ASV959	0	0	0	0	0	0	0	0	9	0	9	0	3	15	14	11	9	0	0	0	0	0	0	0	0	0	0	0	0	0	0	0	0	0	0	0	0	0	0	0	0	0
ASV962	0	0	0	0	0	0	0	0	0	0	0	0	0	0	0	0	10	0	0	8	5	2	12	5	3	10	11	5	0	0	0	0	0	0	0	0	0	0	0	0	0	0
ASV963	0	0	0	0	0	0	0	0	0	0	0	0	0	0	0	0	3	0	0	0	1	3	4	3	0	2	15	0	0	10	5	19	8	2	0	6	0	0	0	0	0	0
ASV965	0	0	0	0	0	0	0	0	0	0	23	14	19	0	4	0	0	0	0	0	0	0	0	0	0	0	0	0	0	0	0	0	3	0	0	0	0	16	0	0	0	0
ASV969	0	0	0	0	18	11	5	23	0	0	0	7	0	0	0	0	0	0	0	0	0	0	0	0	0	0	0	0	0	0	0	0	0	0	0	0	9	0	0	0	0	0
ASV977	0	0	0	0	0	0	0	0	0	0	0	0	0	0	0	0	15	0	12	20	0	2	0	0	0	0	0	0	0	0	0	0	0	0	0	0	0	0	0	8	14	0
ASV978	0	0	0	0	0	0	0	0	0	0	0	0	0	0	0	0	0	0	0	0	0	0	0	0	0	0	0	0	8	10	14	13	12	0	17	8	0	0	0	0	0	0
ASV979	0	0	0	0	0	0	0	0	0	0	0	0	0	0	0	0	0	0	0	0	0	0	0	0	0	0	0	0	0	9	20	33	12	0	7	0	0	0	0	0	0	0
ASV989	0	0	0	0	0	0	0	0	0	0	0	0	0	4	0	0	5	0	0	0	0	0	0	0	0	0	0	0	0	0	0	4	8	12	2	0	16	31	0	0	0	2
ASV991	0	0	0	0	0	0	0	0	4	0	27	5	17	3	0	0	5	0	0	0	0	0	0	1	0	0	0	0	0	0	0	0	0	0	0	0	0	0	0	2	10	0
ASV992	0	0	0	0	0	0	0	0	3	0	3	0	3	0	0	0	0	0	0	0	0	0	0	0	0	0	0	0	0	8	8	11	10	3	6	22	0	0	0	0	0	0
ASV993	0	0	0	0	0	0	0	0	0	0	0	0	0	0	0	0	0	0	0	0	12	21	4	0	7	0	18	5	0	0	0	0	0	0	0	0	0	0	0	0	0	0
ASV999	0	0	0	0	0	0	0	0	7	0	0	8	7	0	0	0	0	0	0	0	0	0	0	0	0	0	0	0	0	0	0	0	0	0	0	0	11	0	31	0	0	0
ASV1000	0	0	0	0	0	0	0	0	3	16	4	4	7	1	3	16	0	0	0	0	0	0	0	0	0	0	1	0	0	0	0	0	0	0	0	4	1	0	0	0	15	0
ASV1005	0	0	0	0	0	0	0	0	0	0	0	0	0	0	0	0	0	0	0	0	10	14	0	0	11	9	11	6	0	0	0	4	0	0	0	0	0	0	0	0	0	0
ASV1006	0	0	0	0	0	0	0	0	0	0	0	0	0	0	0	0	0	0	0	0	5	4	11	5	11	2	4	9	10	0	0	0	0	2	0	0	0	0	5	0	0	0
ASV1008	0	0	0	0	0	0	0	0	0	0	0	0	0	4	0	0	0	0	0	0	0	0	0	0	0	0	0	0	6	6	7	0	0	0	47	6	0	0	0	3	0	0
ASV1009	0	0	0	0	0	0	0	0	0	0	0	0	0	0	0	0	0	0	0	0	0	0	0	0	0	0	0	0	0	7	0	8	8	0	0	0	0	32	13	0	0	0
ASV1010	0	0	0	0	0	0	0	0	0	0	0	0	0	0	0	0	0	0	0	0	0	0	0	0	0	0	0	0	0	7	11	7	0	7	31	17	0	0	0	0	0	0
ASV1011	0	11	0	0	19	0	0	0	0	0	0	0	0	0	0	0	0	8	10	19	0	0	0	0	0	0	0	0	0	0	0	0	0	0	0	0	0	0	0	0	0	0
ASV1014	0	0	0	0	0	0	0	0	0	0	0	0	0	0	0	0	0	0	0	0	0	0	4	0	0	0	6	0	0	11	25	15	0	0	10	6	0	0	0	0	0	0
ASV1018	0	0	0	0	0	4	0	0	14	12	13	0	0	13	0	0	0	0	0	0	0	0	0	0	0	0	0	0	0	0	0	0	0	0	0	0	0	13	0	0	0	0
ASV1019	0	0	0	0	0	0	0	0	0	0	0	0	3	0	0	0	0	0	0	0	0	0	0	0	0	0	0	0	0	32	15	0	0	0	0	19	10	0	0	0	0	0
ASV1023	0	0	9	0	0	7	7	0	0	0	0	0	0	0	0	5	0	0	1	7	0	11	0	7	0	0	0	4	0	0	0	0	0	0	0	0	0	0	0	0	0	0
ASV1026	0	0	0	0	0	0	0	0	0	0	0	0	0	0	0	0	0	0	0	0	0	0	0	0	0	0	0	0	0	5	32	17	0	0	10	9	0	0	0	0	0	0
ASV1029	0	0	0	0	0	0	0	0	11	0	0	15	6	0	0	0	7	0	0	3	0	0	0	0	0	3	0	0	0	8	0	0	0	0	0	5	0	0	0	0	7	0
ASV1037	0	6	0	0	19	7	2	0	0	0	0	0	0	0	0	0	0	7	10	12	0	0	0	0	0	0	0	0	0	0	0	3	0	0	0	0	0	0	0	0	0	0
ASV1038	0	0	0	0	0	0	0	0	0	0	0	0	0	13	14	0	11	0	11	15	0	0	0	0	0	0	0	0	0	0	0	0	0	0	0	0	0	0	0	0	0	0
ASV1040	0	0	0	0	0	0	0	0	0	0	0	0	0	0	0	0	0	0	0	0	0	0	0	0	0	0	0	0	4	24	11	0	7	5	3	9	7	0	0	0	0	0
ASV1044	0	0	0	0	0	0	0	0	6	0	0	11	0	0	0	0	2	0	0	0	0	0	0	0	0	0	0	0	0	7	0	0	0	0	0	26	0	0	11	0	0	0
ASV1049	0	0	0	0	0	0	0	0	12	0	19	16	13	4	0	3	0	0	0	0	0	0	0	0	0	0	0	0	0	0	0	0	0	0	0	0	0	0	0	0	0	0
ASV1053	0	0	0	0	0	0	0	0	0	0	0	0	0	0	0	0	0	0	0	0	0	0	0	0	0	0	0	0	3	4	7	25	0	6	15	13	0	0	0	0	0	0
ASV1055	0	0	0	0	0	0	0	0	0	0	0	0	0	0	0	0	0	0	0	0	0	0	0	3	0	0	0	0	0	0	0	50	9	6	0	4	0	0	0	0	0	0
ASV1056	0	0	0	0	0	0	0	0	0	0	0	0	0	0	0	0	0	0	0	0	0	0	0	0	0	0	0	0	0	9	10	14	17	14	5	0	0	0	0	0	0	0
ASV1060	1	1	1	1	10	2	4	0	0	2	0	3	5	3	0	5	4	0	0	0	0	0	0	0	0	0	0	0	1	9	0	1	1	3	6	0	0	0	0	0	0	1
ASV1061	0	0	0	0	0	0	0	0	21	0	2	0	5	0	0	0	0	0	0	0	0	0	0	0	0	0	0	0	0	0	0	0	0	0	0	0	0	12	17	0	0	0
ASV1062	0	0	0	0	0	0	0	0	0	0	0	0	0	33	0	0	7	11	6	6	0	0	0	0	0	0	0	0	0	0	0	0	0	0	0	0	0	0	0	0	0	0
ASV1063	0	0	0	0	0	0	0	0	0	0	0	0	0	0	0	6	0	0	0	0	0	0	17	5	0	0	0	0	0	9	0	14	11	0	0	0	0	0	0	0	0	0
ASV1071	0	0	0	0	0	1	0	0	0	0	0	0	0	0	0	0	0	0	0	0	0	0	0	0	0	0	0	0	17	13	18	0	0	0	0	0	0	0	0	15	2	1
ASV1074	0	0	0	0	0	0	0	0	0	0	0	0	0	0	0	0	0	0	0	0	0	0	2	4	0	0	0	0	13	0	0	0	0	0	42	9	0	0	0	0	0	0
ASV1078	0	0	0	0	0	0	0	0	0	0	0	0	0	0	0	0	0	0	0	0	0	0	0	0	0	0	0	0	0	29	0	13	0	3	6	12	0	0	0	0	0	0
ASV1084	0	0	0	0	0	0	0	0	0	0	0	0	0	0	0	0	0	0	0	0	0	6	0	10	0	0	0	0	0	11	0	0	9	0	0	15	20	0	0	0	0	0
ASV1086	0	0	0	0	0	0	0	0	0	0	0	0	0	0	0	0	0	0	0	0	0	0	0	0	0	0	0	0	6	19	4	2	3	0	12	23	0	0	0	0	0	0
ASV1092	0	0	0	0	0	0	0	0	0	0	0	0	0	0	0	0	0	0	0	0	0	0	0	0	0	0	0	0	0	8	10	22	0	7	14	0	0	0	0	0	0	0
ASV1100	0	0	0	0	0	16	0	0	0	0	0	0	0	0	0	0	1	0	0	0	11	0	8	0	15	0	2	1	0	0	0	0	0	0	0	0	0	0	0	0	0	0
ASV1103	0	0	0	0	0	0	0	0	0	0	0	0	0	0	0	0	0	0	0	0	0	4	7	0	0	0	0	0	0	0	8	31	10	0	0	0	0	0	0	0	0	0
ASV1104	0	0	0	0	0	0	0	0	0	0	0	0	0	0	0	0	0	0	0	0	0	0	0	0	0	0	0	0	0	0	0	20	9	20	5	5	0	0	0	0	0	0
ASV1108	0	0	0	0	0	0	0	0	8	0	7	13	25	0	0	0	0	0	0	0	0	0	0	0	0	0	0	0	0	0	0	0	0	0	0	0	6	0	0	0	0	0
ASV1111	0	0	0	0	0	0	0	0	0	0	0	0	0	0	0	0	0	0	0	0	0	0	0	0	0	0	4	6	0	0	0	19	16	0	0	0	0	24	0	0	0	0
ASV1120	0	0	0	0	0	0	0	0	0	0	0	0	0	0	0	0	0	0	0	0	0	0	0	0	0	0	0	0	6	9	0	0	4	0	10	10	5	0	15	0	0	0
ASV1122	0	0	0	0	0	0	0	0	0	0	0	0	0	0	0	0	0	0	0	0	0	0	0	0	0	0	0	0	0	9	26	14	0	3	0	9	0	0	0	0	0	0
ASV1126	0	0	3	3	0	0	0	0	0	0	0	0	0	0	0	0	0	19	0	0	0	0	0	0	0	4	0	0	0	0	0	0	0	0	0	0	0	0	0	0	0	18
ASV1128	0	0	0	0	0	0	0	0	0	0	0	0	0	0	0	0	0	0	0	13	5	0	6	0	0	0	0	15	0	13	0	0	0	0	0	0	0	0	0	0	0	0
ASV1130	0	0	0	0	0	0	0	0	0	0	0	0	0	0	0	0	0	0	0	0	0	0	0	0	0	0	0	0	0	6	0	34	9	7	0	6	0	0	0	0	0	0
ASV1137	0	0	0	0	0	0	0	0	0	0	0	0	0	0	0	0	9	19	20	0	0	0	0	0	0	0	0	0	0	0	0	0	0	0	2	0	0	0	0	0	5	0
ASV1138	0	0	0	0	0	0	0	0	0	0	0	0	0	0	0	0	0	12	0	8	0	0	0	0	5	15	0	0	0	0	0	0	0	0	0	0	0	0	0	9	0	0
ASV1140	0	0	0	0	0	0	0	0	0	0	0	0	0	0	0	0	0	0	0	0	0	0	0	0	0	0	0	0	0	18	8	0	15	0	10	12	0	0	0	0	0	0
ASV1145	0	0	0	0	0	0	0	0	0	0	0	0	0	0	0	0	0	13	0	0	0	0	17	0	9	0	7	0	0	3	3	0	0	0	0	0	0	0	0	0	0	0
ASV1146	0	0	0	0	0	0	0	0	0	0	0	0	0	0	5	0	4	0	0	0	0	0	0	0	0	0	0	0	0	18	0	0	16	0	0	13	0	0	0	0	0	0
ASV1156	0	0	0	0	0	0	0	0	0	0	0	0	0	0	0	0	0	0	0	0	0	0	0	0	0	0	0	0	0	6	14	9	24	6	0	0	0	0	0	0	0	0
ASV1157	0	1	0	0	4	0	2	0	0	0	0	0	0	0	0	1	0	0	11	3	1	6	0	0	7	0	0	3	0	0	0	9	0	0	0	0	2	0	0	0	0	0
ASV1162	0	0	0	0	0	0	0	0	0	0	0	0	0	0	0	0	0	0	0	0	9	0	11	20	5	4	0	0	0	0	0	0	0	0	0	0	0	0	0	0	0	0
ASV1172	0	0	0	0	4	0	0	0	3	6	2	23	13	0	0	0	0	0	0	0	0	0	0	0	0	0	0	0	0	0	0	0	0	0	0	0	1	0	2	0	0	0
ASV1174	0	0	0	0	0	0	0	0	0	0	0	5	0	0	0	0	0	0	6	2	6	6	7	8	2	0	7	1	0	0	0	0	0	0	0	0	0	0	0	0	0	0
ASV1185	0	0	0	0	0	0	0	0	5	0	4	0	0	18	18	0	0	0	0	0	0	0	0	0	0	0	0	0	0	0	0	0	0	0	0	0	9	0	0	0	0	0
ASV1191	0	0	0	0	0	0	0	0	0	0	0	0	0	0	0	0	0	0	0	0	0	0	0	0	0	0	0	0	0	15	9	19	0	0	7	5	0	0	0	0	0	0
ASV1200	0	0	0	0	0	0	0	0	10	3	9	20	11	0	0	0	0	0	0	0	0	0	0	0	0	0	0	0	0	0	0	0	0	0	0	0	0	0	0	0	0	0
ASV1212	0	0	0	0	0	0	0	0	0	0	0	0	0	0	0	0	0	0	0	0	2	3	0	0	0	0	0	0	17	4	0	0	3	0	0	26	0	0	0	0	0	0
ASV1213	0	0	0	0	0	0	0	0	0	0	0	0	0	0	0	0	0	0	0	0	0	0	0	2	0	0	0	0	0	6	14	26	8	0	0	0	0	0	0	0	0	0
ASV1216	0	1	0	0	0	0	0	0	0	0	0	0	0	0	0	0	0	0	0	0	0	0	0	0	0	0	0	0	21	0	0	5	8	0	0	21	0	0	0	0	0	0
ASV1219	0	0	0	0	0	0	0	0	0	0	0	0	2	0	0	0	0	0	0	0	0	0	0	0	0	0	0	0	0	4	0	11	10	1	17	8	0	0	0	0	0	0
ASV1221	0	0	0	0	0	0	0	0	0	0	0	0	0	0	0	0	6	0	0	0	0	15	0	1	0	0	8	3	0	0	0	0	0	0	0	0	0	0	0	13	0	0
ASV1222	0	0	0	0	0	0	0	0	0	0	0	0	0	1	0	0	0	0	0	0	0	0	0	0	0	1	0	0	7	7	17	0	9	12	0	0	0	0	0	0	0	0
ASV1231	0	3	0	0	0	0	0	0	0	0	0	0	0	0	0	0	0	0	0	0	0	0	0	0	0	0	0	0	13	0	0	7	18	0	0	12	0	0	0	0	0	0
ASV1238	0	0	0	0	0	0	0	0	0	0	0	0	0	0	0	0	0	0	0	0	0	0	0	0	0	0	5	0	0	11	12	6	0	0	6	14	0	0	0	0	0	0
ASV1248	0	0	0	0	0	0	0	0	0	0	0	0	0	0	0	0	0	0	0	0	0	0	0	0	0	0	0	0	0	7	0	7	9	10	9	8	0	0	0	0	0	0
ASV1260	0	0	0	0	0	0	0	0	0	0	0	0	0	0	0	0	0	0	0	0	0	0	0	0	0	0	0	0	0	9	11	20	7	0	0	6	0	0	0	0	0	0
ASV1289	0	0	0	0	0	0	0	0	0	0	0	0	0	0	0	0	0	0	0	0	0	0	0	0	0	0	0	0	0	19	3	1	2	0	0	0	0	27	0	0	0	0
ASV1299	0	0	0	0	0	0	0	0	0	0	0	6	0	13	0	5	6	0	0	0	1	0	0	0	0	0	0	0	0	0	0	0	0	0	0	0	0	0	0	3	0	0
ASV1301	0	0	0	0	0	0	0	0	0	0	0	0	0	0	0	0	0	0	0	0	0	0	0	0	0	0	0	0	0	10	10	6	0	0	15	8	0	0	0	0	0	0
ASV1312	0	0	0	0	19	6	2	0	0	0	0	0	0	0	0	0	0	0	0	0	0	0	0	0	0	0	0	0	3	0	5	0	0	0	3	3	0	0	0	6	0	1
ASV1314	0	0	0	0	0	0	0	0	9	7	14	9	6	0	0	0	0	0	0	0	0	0	0	0	0	0	0	0	0	0	0	0	0	0	0	0	0	0	0	0	0	0
ASV1316	0	0	0	0	0	0	0	0	0	0	0	0	0	0	0	0	0	0	0	0	0	0	2	0	0	0	3	3	4	0	12	14	0	0	12	0	0	0	0	0	0	0
ASV1325	0	0	0	0	0	1	0	0	0	0	0	0	0	0	0	0	1	0	0	2	0	0	0	0	1	0	2	0	1	5	6	11	3	1	1	5	0	2	0	1	0	1
ASV1326	0	0	0	0	0	0	0	0	6	10	0	0	0	0	0	0	0	0	0	0	0	0	0	0	0	0	0	0	12	0	0	0	0	0	4	0	8	0	0	0	0	0
ASV1343	0	0	0	0	0	0	0	0	0	0	0	0	0	0	0	0	0	0	0	0	0	0	0	0	0	0	0	0	0	5	0	7	0	0	0	6	0	12	9	0	0	0
ASV1354	0	0	0	0	0	0	0	0	10	4	18	0	2	3	0	0	0	0	0	0	0	0	0	0	0	0	0	0	0	0	0	0	0	0	0	0	0	0	0	0	4	0
ASV1367	0	0	0	0	0	0	0	0	0	4	11	0	11	0	0	5	0	0	0	1	0	0	0	0	0	0	0	5	0	0	0	0	0	0	0	0	2	0	0	0	0	0
ASV1369	0	0	0	0	0	0	0	0	0	0	4	0	0	0	0	0	0	0	6	3	0	1	0	2	0	1	5	2	0	0	0	0	0	0	4	0	0	0	0	3	6	2
ASV1371	0	0	0	0	0	0	0	0	0	0	0	0	0	0	0	0	0	0	0	0	0	0	0	2	0	0	8	0	0	0	6	9	0	8	11	0	0	0	0	0	0	0
ASV1374	0	0	0	0	0	0	0	0	0	0	0	0	0	0	0	0	0	0	0	0	0	0	0	0	0	0	0	0	1	14	0	10	6	0	13	2	0	0	0	0	0	0
ASV1393	0	0	0	0	0	0	0	0	0	0	0	0	0	0	0	0	0	0	0	0	0	0	0	0	0	0	0	0	0	8	5	7	17	0	7	0	0	0	0	0	0	0
ASV1403	0	0	0	0	0	0	0	0	8	0	14	7	5	3	0	2	0	0	0	0	0	0	1	0	0	0	0	0	0	0	2	0	0	0	0	0	0	0	0	0	0	0
ASV1426	0	0	0	0	0	0	0	0	0	0	0	0	0	0	0	0	2	0	0	0	0	0	0	0	0	0	3	9	13	11	0	0	0	0	0	0	0	0	0	0	0	0
ASV1437	0	0	0	0	0	0	0	0	0	0	0	0	0	4	4	6	0	0	0	0	8	0	0	0	4	0	5	4	0	0	0	0	0	0	0	0	0	0	0	0	0	0
ASV1467	0	0	4	0	0	0	4	0	0	0	0	0	0	0	0	0	6	0	0	0	0	0	0	0	0	0	12	0	3	0	0	0	6	0	0	0	0	0	0	0	0	0
ASV1476	0	0	0	0	0	0	0	0	0	0	0	0	0	0	0	0	0	0	0	0	0	0	0	0	0	0	0	0	8	0	0	0	6	4	8	14	0	0	0	0	0	0
ASV1478	0	0	0	0	0	0	0	0	0	0	0	0	0	0	0	0	0	0	0	0	0	0	0	0	0	0	0	0	0	1	0	6	10	8	7	7	0	0	0	0	0	0
ASV1482	0	0	0	0	4	0	0	0	0	0	0	0	0	4	0	0	2	0	0	0	0	0	0	0	0	0	0	0	8	5	0	0	0	3	0	6	0	0	0	0	0	0
ASV1485	0	0	0	0	0	0	0	5	0	0	0	0	0	0	3	0	0	0	0	0	0	0	0	0	0	0	0	0	0	0	0	0	0	0	0	0	0	0	6	0	11	7
ASV1488	0	0	0	0	0	0	0	0	7	4	6	12	8	0	0	0	0	0	0	0	0	0	0	0	0	0	0	0	0	0	0	0	0	0	0	0	0	0	0	0	0	0
ASV1493	0	0	0	0	0	0	0	0	0	0	0	0	0	7	3	0	4	0	0	0	0	0	0	0	5	6	3	0	0	0	0	7	0	3	0	0	0	0	0	0	0	0
ASV1494	0	0	0	0	0	0	0	0	0	0	0	0	0	0	0	0	0	0	0	0	0	0	0	0	0	2	0	0	3	0	0	0	14	9	9	0	0	0	0	0	0	0
ASV1495	0	0	0	0	0	0	0	0	0	0	0	0	0	0	0	0	0	0	0	0	0	0	0	0	0	0	11	0	0	7	5	12	0	0	0	4	0	0	0	0	0	0
ASV1523	0	0	0	0	0	0	0	0	0	0	0	0	0	0	0	0	0	0	0	0	0	0	0	0	0	0	0	0	22	6	2	4	0	0	0	3	0	0	0	0	0	0
ASV1539	0	0	0	0	0	0	0	0	0	0	0	0	0	0	0	0	0	0	0	0	0	0	0	0	0	0	0	0	7	3	6	0	0	12	0	0	0	0	0	4	0	0
ASV1547	0	0	0	0	5	0	0	0	0	0	1	0	0	0	0	0	0	0	3	0	0	0	0	6	0	0	0	0	0	7	0	0	0	0	0	0	5	0	0	0	0	5
ASV1550	0	0	0	0	0	0	0	0	0	8	8	10	4	0	0	0	0	0	0	0	0	0	0	0	0	0	0	0	0	0	0	0	0	0	0	5	0	0	0	0	0	0
ASV1551	0	0	0	0	0	0	0	0	0	0	0	0	0	0	0	0	0	0	0	0	7	0	0	5	7	0	8	2	0	0	0	0	0	0	0	0	0	0	0	0	0	0
ASV1570	0	0	0	0	0	0	6	0	0	0	0	0	0	0	0	0	0	0	0	0	0	0	0	0	0	0	0	0	1	0	0	11	8	0	0	8	0	0	0	0	0	0
ASV1572	0	0	0	0	0	0	0	0	5	0	2	13	5	3	0	0	0	0	0	1	0	0	0	0	0	0	0	0	0	0	0	0	0	0	0	0	0	0	0	0	0	0
ASV1576	0	0	0	0	0	0	0	0	0	0	6	7	7	0	0	0	0	0	0	0	0	0	0	0	0	0	0	0	0	0	0	0	0	0	0	3	0	10	0	0	0	0
ASV1585	0	0	0	0	0	0	0	0	0	0	0	0	0	0	0	0	0	0	0	0	0	0	0	0	0	0	0	0	0	0	5	11	8	0	7	3	0	0	0	0	0	0
ASV1593	0	5	0	0	0	0	0	0	5	4	0	5	8	0	0	0	0	0	0	0	0	0	0	0	0	0	0	0	0	0	0	0	0	0	0	0	0	0	0	0	0	0
ASV1596	0	0	0	0	0	0	0	0	3	3	3	0	0	0	0	2	0	8	0	2	0	0	0	0	0	0	0	0	0	0	0	0	0	0	0	0	0	0	0	0	1	2
ASV1598	0	0	0	0	0	0	0	0	0	1	6	5	5	12	0	0	0	0	0	0	0	0	0	0	0	0	0	0	0	0	0	0	0	0	0	0	0	0	0	0	0	0
ASV1599	0	0	0	0	0	0	0	0	0	0	0	0	0	0	0	0	0	0	0	0	0	0	4	13	5	5	2	2	0	0	0	0	0	0	0	0	0	0	0	0	0	0
ASV1605	0	0	0	0	0	0	0	0	0	0	0	0	0	0	0	0	0	0	0	0	0	0	0	0	0	0	0	0	0	3	2	13	10	0	6	0	0	0	0	0	0	0
ASV1655	0	0	0	0	0	0	0	0	0	0	0	0	0	0	0	0	7	0	10	2	0	1	0	9	0	0	0	0	0	0	0	0	0	0	0	0	0	0	0	0	0	0
ASV1657	0	0	0	0	0	0	0	0	0	0	0	0	0	2	0	0	2	0	0	0	8	0	6	0	0	2	0	0	0	2	5	0	0	0	0	0	0	0	2	0	0	1
ASV1658	0	0	0	0	0	0	0	0	0	0	0	0	0	0	0	0	0	0	0	0	2	0	0	0	0	0	0	5	16	0	0	4	0	5	0	0	0	0	0	0	0	0
ASV1659	0	0	0	0	0	0	0	0	0	0	0	0	0	0	0	0	0	0	0	0	0	0	0	2	0	0	4	0	0	6	0	9	0	2	0	10	0	0	0	0	0	0
ASV1785	0	0	0	5	0	0	0	0	0	0	0	0	0	0	0	0	1	0	0	0	0	6	0	0	0	0	0	0	0	0	3	0	0	0	0	4	0	3	0	0	0	0
ASV1809	0	0	0	0	0	0	0	5	0	0	0	0	0	0	4	0	0	0	0	0	0	0	0	0	0	4	0	0	4	0	0	0	0	0	0	0	0	4	0	0	0	0
ASV1812	0	0	0	0	0	0	0	0	0	4	8	6	5	4	0	0	0	0	0	0	0	0	0	0	0	0	0	0	0	0	0	0	0	0	0	0	0	0	0	0	0	0
ASV1815	0	0	0	0	0	0	0	0	0	0	0	0	0	4	0	0	3	0	0	0	0	4	2	0	0	0	5	4	0	0	0	0	0	0	0	0	0	0	0	0	0	0
ASV1821	0	0	0	0	0	0	0	0	0	0	0	0	0	0	0	0	0	0	0	0	0	0	0	0	0	0	0	0	0	3	10	3	5	0	0	1	0	0	0	0	0	0
ASV1839	0	0	0	0	0	0	0	0	0	0	0	0	0	0	0	0	0	0	0	0	7	0	0	3	0	0	0	8	0	0	1	2	0	0	1	1	0	0	0	0	0	0
ASV1893	0	0	0	0	3	1	3	0	0	0	0	0	0	0	0	0	0	0	0	0	0	0	0	0	0	0	0	0	9	0	0	0	0	0	8	0	0	0	0	0	0	0
ASV1902	0	0	0	0	0	0	0	0	0	0	0	0	0	0	0	0	1	0	0	0	0	0	0	0	0	0	0	0	2	0	0	4	0	0	6	7	3	0	0	0	0	0
ASV1910	0	0	0	0	0	0	0	0	0	0	0	0	0	0	0	0	0	0	0	0	0	0	0	0	0	0	0	0	0	0	2	2	6	0	3	8	0	0	0	0	0	0
ASV1930	0	0	0	0	0	0	0	0	4	2	1	3	1	0	1	0	0	1	7	1	0	0	0	0	0	0	0	0	0	0	0	0	0	0	0	0	0	0	0	0	0	0
ASV2022	0	0	0	0	0	0	0	0	0	0	0	0	0	0	0	0	0	0	0	0	6	0	1	1	0	0	0	7	0	1	0	0	0	0	0	0	0	0	0	0	0	0
ASV2081	0	0	0	0	0	0	0	0	0	0	0	0	0	0	0	0	0	0	0	0	0	0	0	0	0	0	0	0	4	0	0	3	0	4	5	4	0	0	0	0	0	0
ASV2169	0	0	0	0	0	0	0	0	0	0	0	0	2	0	0	0	3	2	0	0	0	0	0	0	6	0	3	0	0	0	0	0	0	0	2	0	0	0	0	0	0	0
ASV2470	0	5	0	0	1	0	0	0	0	0	2	0	0	1	0	0	0	0	0	3	0	0	0	0	0	0	1	0	0	0	0	0	0	0	0	0	0	0	0	0	0	0
ASV2481	0	0	0	0	0	0	0	0	0	0	0	0	2	0	0	0	0	0	1	0	1	1	0	2	1	0	0	2	0	0	0	0	0	0	0	0	0	0	0	0	0	0
ASV2704	3	1	0	0	1	2	0	3	0	0	0	0	0	0	0	0	0	0	1	0	0	0	0	0	0	0	0	0	0	0	0	0	0	0	0	0	0	0	0	0	0	0
ASV2721	0	0	0	0	0	0	0	0	0	0	0	0	0	3	0	0	0	0	0	0	1	1	0	0	0	0	1	3	0	0	0	0	0	0	0	0	0	0	0	0	0	0
ASV2944	0	0	0	0	0	0	0	0	0	0	0	0	0	0	0	0	0	0	0	0	0	0	0	0	0	0	0	0	0	1	3	3	0	2	0	0	0	0	0	1	0	0
